19,299897	34,616543	67,092305
18,982371	34,594686	66,989992
18,791856	34,430760	67,740287
18,283814	34,310547	67,017275
18,601340	34,387046	67,934681
18,220309	34,190334	67,065021
18,537835	34,266833	67,996069
18,855361	34,332404	67,498146
19,045876	34,354261	68,081330
18,791856	34,376117	68,108613
19,172886	34,518187	68,129076
19,172886	34,561901	68,763417
18,664845	34,550972	68,187053
18,728350	34,561901	69,070356
19,045876	34,747684	68,258672
18,410825	34,714898	69,148796
18,728350	34,813254	68,531507
19,045876	34,955323	69,247699
18,982371	34,944395	69,165848
18,728350	34,878825	69,309087
19,236392	34,999037	69,820652
19,045876	34,900681	69,390937
18,664845	34,780469	70,229905
18,347319	34,714898	69,465967
18,982371	34,725827	70,328808
18,474330	34,583757	69,564869
18,601340	34,638399	70,397016
19,109381	34,627471	70,202621
18,918866	34,638399	70,472046
18,855361	34,572829	70,857426
19,299897	34,649328	70,574359
18,982371	34,649328	71,382634
18,664845	34,540044	70,649389
18,474330	34,496330	71,488357
18,918866	34,550972	70,690314
18,220309	34,452616	71,546335
18,601340	34,474473	71,239395
18,855361	34,518187	71,641827
19,426907	34,529115	71,873737
18,918866	34,452616	71,737320
19,236392	34,540044	72,521722
19,236392	34,485402	71,805529
18,982371	34,507258	72,596752
18,601340	34,518187	71,880558
19,109381	34,649328	72,692244
18,601340	34,638399	72,255707
18,728350	34,856968	72,797968
19,236392	34,999037	72,913923
19,363402	35,119250	72,900281
19,236392	35,064608	73,667632
19,363402	35,141106	72,999184
19,236392	34,999037	73,756303
18,855361	34,835111	73,084445
18,474330	34,649328	73,865438
18,728350	34,627471	73,295893
18,283814	34,419831	73,981393
18,664845	34,496330	73,977983
18,918866	34,550972	74,070065
19,299897	34,660256	74,653252
19,236392	34,747684	74,165557
19,680928	34,988109	74,902215
19,426907	35,108321	74,267871
19,109381	35,162963	75,024991
19,363402	35,217605	74,339490
19,299897	35,348746	75,123894
18,664845	35,250391	75,011349
18,918866	35,283176	75,239849
19,045876	35,359675	75,679798
19,236392	35,272247	75,345573
18,982371	35,108321	76,065179
19,426907	35,130178	75,437656
19,172886	35,042751	76,170903
19,109381	34,955323	75,539969
18,791856	34,988109	76,283448
19,553917	35,195749	76,034485
18,918866	35,217605	76,402814
19,172886	35,490816	76,719986
19,553917	35,687527	76,498307
19,807938	35,884239	77,194040
19,363402	35,818668	76,617673
19,617423	35,862382	77,303175
19,363402	35,818668	76,737039
18,855361	35,556386	77,439593
18,728350	35,392460	77,061032
19,045876	35,359675	77,555548
18,410825	35,228534	77,756766
19,109381	35,370603	77,671504
19,553917	35,632885	78,312670
20,252474	35,949809	77,787460
19,934948	36,233948	78,445678
20,379485	36,714798	77,882953
20,252474	36,955223	78,568455
19,680928	37,130078	78,073938
19,426907	37,141007	78,677590
19,744433	37,217505	78,759441
19,363402	37,097293	78,814008
19,363402	37,009866	79,431302
19,680928	36,955223	78,947016
19,871443	36,955223	79,581363
20,061959	36,900581	79,056151
20,315979	37,042651	79,693908
20,188969	37,130078	79,100487
19,807938	37,184720	79,830326
19,680928	37,283076	79,779169
19,934948	37,414217	79,976976
19,363402	37,304933	80,570398
19,490412	37,359575	80,092932
19,617423	37,294004	80,699995
19,998454	37,239362	80,225940
19,617423	37,042651	80,826183
20,252474	37,042651	80,352128
19,934948	36,977080	80,979654
19,680928	36,900581	80,802309
19,490412	36,900581	81,122893
19,934948	37,086364	81,535560
19,363402	37,042651	81,259312
19,680928	37,184720	81,832271
19,807938	37,315861	81,405962
19,998454	37,403289	81,989153
19,744433	37,294004	81,528739
20,125464	37,315861	82,135803
20,125464	37,239362	81,839092
19,426907	37,064508	82,261990
19,172886	36,933367	82,548470
20,061959	36,966152	82,422283
19,363402	36,802226	82,964548
19,426907	36,889653	82,558702
19,744433	36,988009	83,118019
19,998454	37,130078	82,695120
19,680928	37,031722	83,271491
19,934948	37,086364	82,865644
19,871443	37,020794	83,428372
19,680928	36,867796	83,561381
19,236392	36,736655	83,578433
19,490412	36,747584	84,100236
19,490412	36,627371	83,721673
19,363402	36,682013	84,263939
19,680928	36,802226	83,885376
19,998454	36,933367	84,410590
19,871443	36,966152	84,008153
20,125464	37,053579	84,574293
20,125464	37,020794	84,587935
19,553917	36,922438	84,727764
19,299897	36,791297	85,229105
19,680928	36,747584	84,888057
19,236392	36,518087	85,379166
19,617423	36,572729	85,055170
19,680928	36,572729	85,556511
19,934948	36,638299	85,191590
19,871443	36,605514	85,720214
20,188969	36,824082	85,617900
20,125464	36,824082	85,870275
19,744433	36,802226	86,347743
19,617423	36,780369	86,047621
19,617423	36,856868	86,508036
19,172886	36,714798	86,207913
19,426907	36,769440	86,688792
19,871443	36,736655	86,364796
19,871443	36,747584	86,842264
19,617423	36,692941	86,630813
19,998454	36,725727	87,019609
19,998454	36,616443	87,459562
19,426907	36,572729	87,210596
19,299897	36,485302	87,650549
19,680928	36,660156	87,360657
19,045876	36,408803	87,810842
19,363402	36,430659	87,541413
19,490412	36,474373	87,981366
20,125464	36,518087	87,657370
19,617423	36,485302	88,179175
19,934948	36,605514	88,400857
20,315979	36,627371	88,332647
19,490412	36,507158	88,762369
19,236392	36,539944	88,516813
19,680928	36,627371	88,936304
19,236392	36,594586	88,711211
19,299897	36,638299	89,123881
19,744433	36,725727	88,891967
19,807938	36,736655	89,331921
19,807938	36,605514	89,437646
20,061959	36,572729	89,502446
19,744433	36,441588	89,894653
19,871443	36,223020	89,696844
19,236392	36,102807	90,078819
19,617423	36,168378	89,881011
19,172886	36,059093	90,276628
19,299897	36,201163	90,054946
19,744433	36,321375	90,443742
20,125464	36,419731	90,436921
19,807938	36,430659	90,648372
19,744433	36,507158	90,996243
19,934948	36,474373	90,835950
19,426907	36,343232	91,197463
19,363402	36,201163	91,023527
19,553917	36,310447	91,398682
19,172886	36,168378	91,231568
19,236392	36,266733	91,586260
19,744433	36,518087	91,436198
20,125464	36,671085	91,787479
19,934948	36,747584	92,114887
20,252474	36,966152	91,985288
19,998454	36,966152	92,329749
19,680928	36,824082	92,186508
19,299897	36,682013	92,510506
19,744433	36,627371	92,377496
19,109381	36,354161	92,711726
18,982371	36,452516	92,554842
18,918866	36,157449	92,923177
19,807938	36,190234	93,233533
19,490412	36,080950	93,127807
19,934948	36,201163	93,455216
19,998454	36,168378	93,352901
19,553917	36,354161	93,656436
19,299897	36,408803	93,554121
19,680928	36,561800	93,867887
19,236392	36,474373	93,751930
19,363402	36,441588	94,079339
19,172886	36,266733	94,290790
19,426907	36,037237	94,294201
19,045876	35,611028	94,563631
19,172886	35,436174	94,498831
18,664845	35,031822	94,781904
18,728350	34,791397	94,710283
18,474330	34,419831	95,000177
18,728350	34,365189	94,931966
18,347319	34,157549	95,208218
18,474330	34,212191	95,283249
18,982371	34,299619	95,440133
19,236392	34,397974	95,685690
19,299897	34,452616	95,648174
19,553917	34,583757	95,910784
19,172886	34,572829	95,869858
18,982371	34,583757	96,118825
18,855361	34,605614	96,101773
19,045876	34,638399	96,350740
18,601340	34,507258	96,265477
18,855361	34,518187	96,569013
18,982371	34,605614	96,800929
19,236392	34,627471	96,780466
18,982371	34,583757	97,019202
19,680928	34,703970	97,022612
19,172886	34,649328	97,240886
19,109381	34,638399	97,257938
18,918866	34,627471	97,486443
19,172886	34,736755	97,472801
18,601340	34,561901	97,697895
18,982371	34,550972	97,912758
19,045876	34,583757	97,933221
19,045876	34,408903	98,131032
18,855361	34,212191	98,178779
19,172886	34,157549	98,376589
19,045876	33,960838	98,393642
18,791856	33,862482	98,598273
18,537835	33,818768	98,639200
18,918866	33,851554	98,819958
18,474330	33,676699	98,997305
18,537835	33,829697	99,062105
18,791856	33,775055	99,239452
18,728350	33,698556	99,273558
17,966288	33,206777	99,423621
17,648763	32,572929	99,440673
16,569175	31,381732	99,570273
15,553093	29,742470	99,597558
14,155979	27,644216	99,744210
13,520928	25,371106	99,873810
12,377835	22,781074	99,843116
12,123814	20,300325	99,935200
11,742783	17,885148	99,897684
11,552268	15,590183	99,986358
10,980721	13,415431	99,935200
10,917216	11,229750	99,982947
10,472680	9,076855	99,880631
9,964639	7,076958	99,931789
9,710618	5,153559	99,761263
9,710618	3,383158	99,819242
9,012062	1,547187	99,839705
9,329588	-0,081144	99,689642
9,329588	-1,665762	99,693052
9,393093	-2,966241	99,529347
9,266082	-4,419718	99,542989
9,583608	-5,523486	99,324715
9,329588	-6,747466	99,338358
9,202577	-7,851234	99,123494
9,012062	-8,845718	99,130315
9,075567	-9,588849	99,133726
8,821546	-10,484978	98,918863
9,075567	-11,096968	98,918863
9,393093	-11,643388	98,673305
9,393093	-12,102380	98,690358
9,266082	-12,626943	98,410695
9,583608	-12,943867	98,424337
9,266082	-13,293575	98,158316
9,202577	-13,665141	98,185600
9,075567	-14,025778	98,185600
9,075567	-14,189704	97,922990
8,694536	-14,528484	97,940042
9,012062	-14,736124	97,643327
9,075567	-14,889121	97,660380
9,393093	-15,107689	97,384127
9,202577	-15,348114	97,408001
9,266082	-15,424612	97,090823
9,075567	-15,643180	97,141981
8,948557	-15,850820	97,077181
8,694536	-16,014746	96,848676
9,012062	-16,080316	96,893013
8,631031	-16,200528	96,565603
8,631031	-16,298884	96,599708
9,012062	-16,298884	96,279120
9,139072	-16,364454	96,340509
8,694536	-16,419096	95,978994
9,202577	-16,408168	96,047204
8,948557	-16,495595	95,849395
9,075567	-16,659521	95,753900
8,631031	-16,725091	95,808468
8,821546	-16,714163	95,474238
8,504021	-16,921803	95,535627
8,631031	-16,856232	95,160471
8,821546	-16,899946	95,249144
8,885051	-16,965516	94,863756
8,758041	-17,020158	94,942198
8,948557	-16,965516	94,607968
9,075567	-17,042015	94,648894
8,821546	-17,107585	94,717104
8,821546	-17,118514	94,345359
8,948557	-17,107585	94,447674
8,504021	-17,216869	94,041823
8,631031	-17,205941	94,140728
9,075567	-17,107585	93,738288
9,075567	-17,162227	93,840603
8,948557	-17,205941	93,356311
9,075567	-17,031086	93,547299
8,948557	-17,195012	93,656436
8,948557	-17,260583	93,236943
8,567526	-17,271511	93,352901
9,075567	-17,293368	92,926587
8,567526	-17,380795	93,045955
8,631031	-17,348010	92,609410
9,012062	-17,304296	92,728778
9,012062	-17,369867	92,247897
8,885051	-17,348010	92,415012
9,202577	-17,326153	92,397959
8,948557	-17,304296	92,104656
8,821546	-17,391723	92,241076
8,567526	-17,424509	91,801121
8,758041	-17,402652	91,947773
8,440515	-17,479151	91,466892
8,504021	-17,501007	91,640828
8,758041	-17,446365	91,132663
9,012062	-17,446365	91,316830
9,012062	-17,501007	91,149716
9,139072	-17,424509	91,016706
8,948557	-17,468222	91,170179
8,885051	-17,468222	90,685888
8,504021	-17,522864	90,859823
8,885051	-17,511936	90,344838
8,313505	-17,588435	90,529005
8,377010	-17,588435	90,020841
8,821546	-17,566578	90,222060
8,885051	-17,588435	89,908295
9,075567	-17,599363	89,901474
9,139072	-17,588435	90,082230
8,821546	-17,621220	89,557014
8,821546	-17,664933	89,758233
8,758041	-17,643077	89,243248
8,821546	-17,697719	89,444467
8,504021	-17,763289	88,898788
8,440515	-17,697719	89,127291
8,694536	-17,675862	88,670285
8,758041	-17,697719	88,789653
8,758041	-17,697719	89,001103
9,012062	-17,664933	88,445193
8,948557	-17,708647	88,666875
8,694536	-17,730504	88,121196
8,885051	-17,730504	88,346289
8,758041	-17,686790	87,752864
8,440515	-17,785146	88,015471
8,440515	-17,752361	87,442509
8,694536	-17,632148	87,674422
8,694536	-17,686790	87,674422
8,758041	-17,708647	87,350426
8,948557	-17,654005	87,582339
9,075567	-17,708647	86,995735
8,694536	-17,774217	87,265164
8,567526	-17,774217	86,647866
9,012062	-17,741432	86,920705
8,377010	-17,872573	86,228376
8,440515	-17,817931	86,566014
8,694536	-17,763289	86,426184
9,012062	-17,686790	86,231787
8,694536	-17,741432	86,504625
8,948557	-17,643077	85,870275
8,821546	-17,654005	86,160167
8,631031	-17,664933	85,518996
8,567526	-17,697719	85,805476
8,694536	-17,643077	85,137022
8,504021	-17,752361	85,484891
8,440515	-17,774217	85,205232
8,631031	-17,730504	85,126790
8,758041	-17,752361	85,426913
8,758041	-17,675862	84,768690
8,885051	-17,675862	85,068812
8,821546	-17,719575	84,414000
8,631031	-17,730504	84,727764
8,377010	-17,730504	84,014974
8,631031	-17,697719	84,373075
8,440515	-17,752361	83,967228
8,567526	-17,763289	84,011564
8,758041	-17,730504	84,192319
8,821546	-17,708647	83,660285
8,694536	-17,741432	83,977459
8,948557	-17,643077	83,288543
8,885051	-17,730504	83,639822
8,758041	-17,817931	82,899749
8,631031	-17,817931	83,271491
8,567526	-17,796074	82,746278
8,440515	-17,927215	82,916801
8,440515	-17,894430	82,950906
8,948557	-17,807002	82,555291
8,821546	-17,817931	82,896338
8,821546	-17,817931	82,163087
9,012062	-17,752361	82,534828
8,948557	-17,741432	81,794756
8,758041	-17,828859	82,183550
8,758041	-17,850716	81,518508
8,885051	-17,828859	81,825450
8,440515	-17,894430	81,706084
8,567526	-17,894430	81,436657
8,821546	-17,828859	81,818629
8,631031	-17,894430	81,068326
8,821546	-17,850716	81,457119
9,075567	-17,774217	80,686353
8,948557	-17,807002	81,092199
8,758041	-17,828859	80,297560
8,631031	-17,839788	80,720458
8,821546	-17,839788	80,485136
8,504021	-17,828859	80,338486
8,440515	-17,883501	80,734100
8,631031	-17,872573	79,970156
8,694536	-17,839788	80,365770
8,948557	-17,828859	79,560900
8,821546	-17,796074	80,011081
8,948557	-17,807002	79,080024
8,758041	-17,817931	79,625699
8,758041	-17,828859	79,264189
8,821546	-17,752361	79,243727
8,504021	-17,828859	79,451765
8,567526	-17,741432	78,861755
8,631031	-17,752361	79,301704
8,567526	-17,752361	78,459320
8,758041	-17,741432	78,919733
9,139072	-17,697719	78,036423
8,821546	-17,741432	78,524119
8,631031	-17,752361	78,033013
8,821546	-17,730504	78,155789
8,631031	-17,752361	78,220588
8,440515	-17,817931	77,753355
8,440515	-17,807002	78,217178
8,758041	-17,697719	77,340690
8,694536	-17,730504	77,818154
8,821546	-17,730504	76,938256
8,948557	-17,686790	77,453235
8,821546	-17,686790	76,818890
8,821546	-17,752361	77,064443
8,631031	-17,752361	76,996233
9,075567	-17,730504	76,648367
8,440515	-17,861644	77,129241
8,440515	-17,861644	76,259575
8,567526	-17,796074	76,743860
8,631031	-17,752361	75,823037
8,631031	-17,807002	76,365299
8,885051	-17,730504	75,597947
8,885051	-17,752361	75,956044
8,504021	-17,763289	75,768469
8,631031	-17,763289	75,553611
8,631031	-17,708647	75,945813
8,567526	-17,817931	75,147767
8,440515	-17,774217	75,676387
8,694536	-17,730504	74,721461
8,694536	-17,719575	75,277364
8,694536	-17,643077	74,411110
8,948557	-17,643077	74,874931
8,948557	-17,675862	74,550938
8,758041	-17,654005	74,472498
8,631031	-17,664933	74,700998
8,758041	-17,664933	74,035960
8,440515	-17,719575	74,595274
8,631031	-17,708647	73,623296
8,694536	-17,632148	74,192841
8,758041	-17,654005	73,190169
8,821546	-17,599363	73,780177
9,139072	-17,544721	73,319766
8,885051	-17,522864	73,367512
8,758041	-17,555649	73,497109
8,821546	-17,468222	72,951438
8,821546	-17,490079	73,520983
8,631031	-17,544721	72,528543
8,504021	-17,511936	73,111729
9,012062	-17,457294	71,979461
8,758041	-17,479151	72,709296
8,758041	-17,413580	72,112468
9,393093	-17,391723	72,272759
9,012062	-17,402652	72,265938
8,821546	-17,391723	71,860096
8,821546	-17,391723	72,436461
8,821546	-17,337082	71,423559
8,440515	-17,424509	72,040849
8,504021	-17,424509	70,963149
8,694536	-17,348010	71,621365
8,504021	-17,326153	70,922224
8,885051	-17,304296	71,198470
8,948557	-17,238726	71,041590
9,202577	-17,238726	70,782396
8,694536	-17,260583	71,198470
8,694536	-17,238726	70,328808
8,758041	-17,205941	70,973381
8,567526	-17,249654	69,861577
8,504021	-17,304296	70,530023
8,821546	-17,249654	69,697876
8,567526	-17,195012	70,117360
8,758041	-17,249654	69,827473
8,948557	-17,260583	69,680824
8,885051	-17,238726	69,967301
9,012062	-17,304296	69,227236
8,821546	-17,304296	69,882040
8,758041	-17,282440	68,790700
8,885051	-17,369867	69,469377
8,440515	-17,369867	68,500813
8,758041	-17,260583	69,043073
8,758041	-17,326153	68,616768
8,821546	-17,238726	68,589485
8,948557	-17,227798	68,749775
9,075567	-17,205941	68,146128
8,885051	-17,260583	68,817984
9,139072	-17,216869	67,682309
8,948557	-17,238726	68,398500
8,694536	-17,271511	67,293520
8,821546	-17,238726	67,951733
8,948557	-17,173156	67,416296
8,694536	-17,173156	67,508377
8,948557	-17,074800	67,522019
9,075567	-16,943659	67,065021
8,948557	-16,976444	67,678899
8,885051	-17,020158	66,590971
8,948557	-16,965516	67,327624
8,821546	-17,009230	66,110101
8,758041	-17,074800	66,870626
8,504021	-17,074800	66,209003
9,139072	-17,009230	66,427271
8,758041	-17,085728	66,301085
8,821546	-17,074800	65,966863
8,948557	-17,074800	66,447733
8,948557	-17,042015	65,503044
8,821546	-17,162227	66,249928
8,821546	-17,107585	65,008533
8,948557	-17,074800	65,796341
8,504021	-17,162227	64,998301
8,567526	-17,173156	65,352986
8,885051	-17,085728	65,107435
8,885051	-17,129442	64,892578
9,012062	-17,129442	65,223389
9,075567	-17,063872	64,421939
9,075567	-17,031086	65,175643
8,885051	-17,020158	63,930838
8,821546	-17,020158	64,742519
9,012062	-17,020158	63,801242
8,694536	-17,107585	64,271881
8,313505	-17,096657	63,910376
8,821546	-17,042015	63,804653
8,694536	-17,063872	63,992226
9,139072	-17,031086	63,340835
9,012062	-17,020158	64,118412
9,012062	-16,987373	62,836093
8,948557	-17,042015	63,668236
8,948557	-16,965516	62,617826
8,821546	-16,976444	63,197597
8,694536	-17,052943	62,699676
8,504021	-17,020158	62,744011
8,821546	-16,932731	62,788347
8,694536	-16,954588	62,259732
8,885051	-16,878089	62,897480
9,266082	-16,856232	61,744758
9,075567	-16,834375	62,583721
8,821546	-16,845304	61,424179
8,948557	-16,801590	62,133546
9,012062	-16,768805	61,495798
8,631031	-16,867161	61,662908
8,631031	-16,845304	61,577648
8,885051	-16,768805	61,164987
8,567526	-16,823447	61,676550
9,012062	-16,790662	60,687529
9,075567	-16,736020	61,533312
9,329588	-16,725091	60,237354
8,885051	-16,801590	61,072906
9,012062	-16,736020	60,298741
9,075567	-16,746948	60,581806
8,694536	-16,746948	60,390823
8,631031	-16,812519	60,087296
9,075567	-16,746948	60,455621
8,758041	-16,790662	59,606427
8,821546	-16,746948	60,469262
9,075567	-16,692306	59,040299
9,075567	-16,670449	60,002035
9,139072	-16,692306	59,118738
8,885051	-16,637664	59,510936
9,012062	-16,637664	59,180126
8,758041	-16,714163	59,030067
8,631031	-16,648593	59,248334
9,012062	-16,593951	58,515095
8,821546	-16,670449	59,429086
9,012062	-16,604879	57,986481
9,075567	-16,572094	58,934576
9,266082	-16,561165	57,938736
8,948557	-16,593951	58,436656
9,329588	-16,572094	57,972840
9,075567	-16,593951	57,948967
8,758041	-16,648593	58,051279
8,694536	-16,670449	57,440816
9,202577	-16,550237	58,133129
8,694536	-16,681378	56,912202
9,012062	-16,583022	57,863707
9,202577	-16,462810	56,734861
9,139072	-16,550237	57,393070
8,948557	-16,572094	56,792838
9,202577	-16,539309	56,881509
9,266082	-16,539309	56,864457
8,758041	-16,637664	56,366537
8,631031	-16,626736	56,912202
9,012062	-16,561165	55,844745
8,694536	-16,583022	56,816711
8,885051	-16,615807	55,548040
9,202577	-16,539309	56,315381
9,266082	-16,528380	55,619658
8,694536	-16,550237	55,820872
9,139072	-16,506524	55,667404
8,948557	-16,506524	55,316132
8,948557	-16,550237	55,715150
8,694536	-16,539309	54,777288
9,012062	-16,430025	55,776537
8,631031	-16,506524	54,398733
9,075567	-16,375383	55,271797
9,075567	-16,342598	54,439658
9,329588	-16,364454	54,773878
9,075567	-16,386311	54,466942
9,012062	-16,342598	54,248676
9,012062	-16,364454	54,528329
8,694536	-16,408168	53,706422
8,948557	-16,386311	54,589716
9,075567	-16,309812	53,232376
8,758041	-16,353526	54,214572
9,075567	-16,255170	53,246018
9,202577	-16,167743	53,713243
9,266082	-16,200528	53,283532
9,075567	-16,266099	53,184630
9,266082	-16,145886	53,331278
9,139072	-16,244242	52,662839
8,821546	-16,298884	53,392665
8,821546	-16,266099	52,066019
9,139072	-16,233314	53,194862
8,821546	-16,287956	52,083071
9,075567	-16,233314	52,659429
9,583608	-16,178672	52,106944
9,266082	-16,178672	52,117175
9,012062	-16,200528	52,127407
9,202577	-16,178672	51,595384
9,075567	-16,167743	52,178562
8,821546	-16,244242	51,022438
8,885051	-16,287956	52,123996
9,075567	-16,244242	50,913305
8,948557	-16,287956	51,598795
9,075567	-16,244242	50,930357
9,139072	-16,178672	51,083825
9,647113	-16,189600	50,954230
9,202577	-16,211457	50,538161
9,202577	-16,145886	51,008796
9,012062	-16,189600	49,975446
8,885051	-16,200528	51,083825
8,821546	-16,244242	49,757181
9,075567	-16,189600	50,551803
8,758041	-16,233314	49,743539
6,916392	-16,233314	50,023192
9,266082	-16,189600	49,781054
9,266082	-16,167743	49,474118
9,202577	-16,200528	49,801516
9,139072	-16,134958	48,911403
9,075567	-16,156815	49,828799
8,885051	-16,298884	48,570364
8,821546	-16,167743	49,521864
8,948557	-16,167743	48,584006
8,758041	-16,277027	48,972791
8,948557	-16,167743	48,611289
9,075567	-16,145886	48,420307
9,202577	-16,134958	48,601058
8,948557	-16,134958	47,850772
9,456598	-16,058459	48,607879
9,075567	-16,113101	47,386959
8,758041	-16,113101	48,447590
8,758041	-16,134958	47,393779
9,012062	-16,014746	47,905338
8,631031	-16,124030	47,400600
8,948557	-16,047531	47,335803
9,266082	-15,905462	47,386959
9,202577	-15,981961	46,766268
9,075567	-16,047531	47,424473
9,266082	-15,981961	46,224016
9,266082	-16,003817	47,393779
8,758041	-16,047531	46,230837
8,694536	-16,036603	46,837886
9,012062	-15,992889	46,203554
8,631031	-16,014746	46,288813
8,948557	-15,960104	46,206964
9,202577	-15,938247	45,698816
9,202577	-15,916390	46,210374
8,948557	-15,971032	45,067895
9,266082	-15,905462	46,230837
9,012062	-15,938247	45,044022
8,948557	-16,003817	45,794307
8,758041	-15,992889	45,023560
9,075567	-15,927319	45,224773
8,694536	-15,992889	45,033791
9,075567	-15,872677	44,648417
9,139072	-15,850820	45,016739
9,202577	-15,839891	44,065242
9,075567	-15,872677	45,030381
9,139072	-15,774321	43,881081
9,012062	-15,839891	44,750729
8,821546	-15,872677	43,853798
8,948557	-15,883605	44,160732
9,075567	-15,828963	43,836746
8,631031	-15,905462	43,604840
9,329588	-15,828963	43,826515
9,202577	-15,752464	42,997792
9,202577	-15,730607	43,823104
9,075567	-15,785249	42,711320
9,456598	-15,621324	43,690099
9,075567	-15,752464	42,694268
8,948557	-15,785249	43,127386
8,758041	-15,796178	42,666985
9,329588	-15,686894	42,557852
8,694536	-15,807106	42,646522
9,012062	-15,741536	41,940573
9,202577	-15,665037	42,636291
9,329588	-15,588538	41,562021
9,139072	-15,686894	42,646522
9,456598	-15,621324	41,521097
9,202577	-15,599467	42,083809
9,012062	-15,665037	41,483582
8,758041	-15,665037	41,490403
9,075567	-15,544825	41,476762
8,821546	-15,632252	40,886766
9,012062	-15,632252	41,439248
9,202577	-15,522968	40,402492
9,329588	-15,512040	41,435837
9,139072	-15,402756	40,358157
9,329588	-15,446469	41,036823
9,329588	-15,479254	40,327464
8,885051	-15,522968	40,446827
8,631031	-15,555753	40,293360
9,139072	-15,479254	39,836370
8,758041	-15,577610	40,245615
9,456598	-15,457398	39,232733
9,266082	-15,391827	40,252436
9,329588	-15,326257	39,198629
9,202577	-15,391827	39,993247
9,456598	-15,249758	39,164525
9,329588	-15,326257	39,393021
9,075567	-15,391827	39,099728
8,948557	-15,413684	38,796205
9,456598	-15,304400	39,075856
8,758041	-15,380899	38,093667
9,012062	-15,282543	39,048573
9,647113	-15,216973	38,042512
9,456598	-15,195116	38,946261
9,202577	-15,216973	37,987946
9,520103	-15,151403	38,366497
9,329588	-15,129546	37,933380
9,012062	-15,249758	37,745809
8,821546	-15,271615	37,909507
9,266082	-15,195116	37,104659
8,631031	-15,315328	37,851531
9,202577	-15,249758	36,886395
9,266082	-15,184188	37,878814
9,647113	-15,206045	36,818188
9,266082	-15,249758	37,319512
9,393093	-15,107689	36,780673
9,329588	-15,129546	36,695414
9,202577	-15,173259	36,722697
8,885051	-15,195116	36,081547
9,202577	-15,129546	36,671541
8,694536	-15,140474	35,737100
9,075567	-15,053047	36,637438
9,329588	-14,987477	35,662071
9,456598	-14,943763	36,269118
9,456598	-14,998405	35,610916
9,583608	-14,921906	35,665482
9,266082	-14,954691	35,546119
9,266082	-15,031190	35,034563
8,885051	-15,063975	35,481322
9,139072	-14,965620	34,577573
8,758041	-15,074904	35,440397
9,075567	-14,921906	34,529828
9,266082	-14,932835	35,246006
9,456598	-14,910978	34,454800
9,139072	-14,976548	34,632139
9,774124	-14,845407	34,376362
9,456598	-14,889121	33,987580
8,885051	-14,921906	34,328616
8,885051	-14,932835	33,435100
9,202577	-14,932835	34,250178
8,694536	-14,900049	33,366892
9,202577	-14,812622	34,209254
9,329588	-14,659625	33,285044
9,393093	-14,703338	33,585156
9,329588	-14,747052	33,213426
9,583608	-14,648696	32,937186
9,583608	-14,692410	33,138398
9,012062	-14,747052	32,313089
8,885051	-14,725195	33,073601
9,329588	-14,626840	32,214188
8,885051	-14,747052	33,042907
9,202577	-14,670553	32,139160
9,393093	-14,594054	32,551815
9,520103	-14,506627	32,064132
9,202577	-14,594054	31,897024
9,520103	-14,506627	31,958411
9,393093	-14,539412	31,150154
8,948557	-14,615911	31,900434
8,948557	-14,626840	31,064895
9,139072	-14,561269	31,835637
9,012062	-14,626840	30,976225
9,202577	-14,517556	31,501422
9,456598	-14,419200	30,890966
9,456598	-14,397343	30,884145
9,202577	-14,386415	30,805707
9,647113	-14,298988	30,202072
9,329588	-14,364558	30,740910
8,948557	-14,451985	29,922423
8,631031	-14,441057	30,642010
9,202577	-14,375486	29,833753
8,694536	-14,451985	30,485133
9,329588	-14,320845	29,731442
9,456598	-14,266203	29,837164
9,583608	-14,222489	29,642773
9,266082	-14,255274	29,158501
9,647113	-14,091348	29,547283
9,393093	-14,145990	28,793592
9,139072	-14,255274	29,458613
8,885051	-14,244346	28,681050
9,139072	-14,167847	29,465434
8,821546	-14,255274	28,595791
9,139072	-14,167847	28,820875
9,710618	-14,080420	28,507122
9,456598	-14,036706	28,155855
9,266082	-14,014849	28,394580
9,774124	-13,949279	27,657942
9,710618	-13,905565	28,292269
9,075567	-14,047635	27,531758
9,075567	-14,036706	28,207010
9,393093	-13,960207	27,453320
8,631031	-14,047635	27,784125
9,202577	-13,960207	27,330547
9,456598	-13,872780	27,129336
9,901134	-13,850924	27,235057
9,393093	-13,916494	26,515471
9,710618	-13,774425	27,139567
9,520103	-13,785353	26,423391
9,012062	-13,796282	27,037256
8,948557	-13,818138	26,300618
9,393093	-13,741640	26,781479
8,821546	-13,829067	26,188076
9,393093	-13,719783	26,102817
9,520103	-13,665141	26,082355
9,583608	-13,555857	25,383231
9,393093	-13,621427	25,962993
9,710618	-13,588642	25,277510
9,583608	-13,512143	25,867503
9,202577	-13,643284	25,158148
9,075567	-13,544928	25,761781
9,266082	-13,577714	25,038785
8,885051	-13,676069	25,062658
9,266082	-13,599570	24,926243
9,710618	-13,555857	24,366945
9,710618	-13,512143	24,813702
9,329588	-13,555857	24,152092
8,504021	-13,435645	24,701160
9,583608	-13,501215	24,019088
9,139072	-13,512143	24,598849
9,075567	-13,534000	23,906546
9,456598	-13,391931	24,042961
8,885051	-13,512143	23,766722
9,202577	-13,435645	23,354068
9,520103	-13,359146	23,647359
9,837629	-13,315432	23,002802
9,456598	-13,359146	23,531407
9,774124	-13,238933	22,890260
9,583608	-13,228005	23,408634
9,266082	-13,271719	22,747025
9,012062	-13,337289	23,033495
9,520103	-13,238933	22,620842
8,948557	-13,228005	22,327551
9,266082	-13,249862	22,515121
9,583608	-13,184291	21,891026
9,647113	-13,118721	22,365065
9,710618	-13,206148	21,758022
9,901134	-13,064079	22,228651
9,774124	-13,096864	21,597735
9,329588	-13,173363	22,010388
9,202577	-13,271719	21,481783
9,456598	-13,107793	21,301034
9,012062	-13,238933	21,345369
9,456598	-13,075007	20,762198
9,583608	-13,096864	21,191903
9,774124	-13,064079	20,608732
9,456598	-13,107793	21,082771
10,091649	-13,020365	20,475728
9,774124	-13,042222	20,990692
9,266082	-13,129649	20,346135
9,139072	-13,151506	20,281338
9,456598	-13,053151	20,182438
8,948557	-13,162435	19,640192
9,329588	-13,096864	20,039203
9,647113	-12,987580	19,476495
9,710618	-13,042222	19,906199
9,583608	-13,053151	19,343491
9,901134	-12,943867	19,762964
9,964639	-12,965724	19,183204
9,329588	-13,009437	19,268463
9,075567	-13,053151	19,029738
10,028144	-12,943867	18,504544
9,139072	-13,075007	18,903555
9,329588	-12,922010	18,354488
9,647113	-12,856440	18,739858
9,774124	-12,758084	18,214664
9,520103	-12,834583	18,596623
10,028144	-12,769012	18,050967
9,710618	-12,812726	18,258999
9,647113	-12,856440	17,883860
9,075567	-12,900153	17,495080
9,520103	-12,801798	17,726984
9,329588	-12,911082	17,249534
9,329588	-12,834583	17,570107
9,583608	-12,747156	17,072196
9,774124	-12,703442	17,426873
9,583608	-12,692514	16,901678
9,901134	-12,637872	17,225662
9,774124	-12,703442	16,751623
9,202577	-12,758084	16,502667
9,075567	-12,812726	16,584516
9,583608	-12,747156	16,120708
9,012062	-12,856440	16,424229
9,583608	-12,790869	15,936549
9,647113	-12,714370	16,267353
9,774124	-12,681585	15,779673
9,520103	-12,769012	16,110477
10,091649	-12,637872	15,609155
9,774124	-12,736227	15,493204
9,329588	-12,889225	15,431817
9,139072	-12,834583	14,985061
9,456598	-12,823654	15,288583
8,948557	-12,998509	14,814544
9,202577	-12,943867	15,097603
9,837629	-12,889225	14,650847
9,774124	-12,900153	14,961189
9,520103	-12,943867	14,480330
9,774124	-12,900153	14,493971
9,647113	-12,900153	14,313222
9,266082	-13,085936	13,890339
9,075567	-13,162435	14,132474
9,520103	-13,107793	13,726642
8,567526	-13,249862	13,955136
9,075567	-13,260790	13,532252
9,393093	-13,282647	13,801670
9,837629	-13,348217	13,358325
9,329588	-13,501215	13,477687
9,583608	-13,534000	13,180986
9,456598	-13,697926	12,781976
8,885051	-13,938351	12,986597
8,567526	-14,255274	12,604638
8,948557	-14,386415	12,819489
8,504021	-14,637768	12,410248
8,567526	-14,725195	12,638741
9,075567	-14,790765	12,246551
9,266082	-14,801694	12,471634
9,456598	-14,823551	12,052161
9,583608	-14,736124	11,687254
9,329588	-14,681482	11,844130
9,202577	-14,681482	11,472402
8,948557	-14,517556	11,666792
9,329588	-14,320845	11,301885
8,885051	-14,266203	11,472402
9,202577	-14,025778	11,110905
9,520103	-13,785353	11,284833
9,837629	-13,588642	10,896053
9,520103	-13,468430	10,698253
10,218660	-13,260790	10,735767
9,837629	-13,162435	10,370860
9,520103	-13,075007	10,524325
9,202577	-13,075007	10,193522
9,647113	-12,692514	10,316294
9,202577	-12,747156	9,975259
9,520103	-12,572301	10,145777
9,774124	-12,353733	9,770639
10,155154	-12,157022	9,695611
9,774124	-12,091452	9,579659
10,091649	-11,894741	9,262497
10,409175	-11,807314	9,364807
9,710618	-11,774528	9,061286
9,456598	-11,654316	9,180649
9,837629	-11,435748	8,846435
9,329588	-11,359249	8,965797
9,710618	-11,217180	8,662276
9,964639	-10,987684	8,696379
10,218660	-10,790973	8,440603
9,964639	-10,725402	8,160955
10,345670	-10,495906	8,235983
10,155154	-10,375694	7,949513
10,028144	-10,375694	8,038182
9,583608	-10,364765	7,731251
9,964639	-10,168054	7,799458
9,456598	-10,178983	7,523220
9,647113	-9,982272	7,703969
10,028144	-9,862059	7,308368
10,345670	-9,730918	7,049182
9,964639	-9,698133	7,120799
10,218660	-9,545136	6,841151
10,218660	-9,490494	6,892306
9,837629	-9,512351	6,639941
9,901134	-9,468637	6,677454
10,028144	-9,381210	6,414858
9,583608	-9,381210	6,476244
9,837629	-9,271926	6,206827
10,091649	-9,086143	5,961282
10,345670	-9,009644	5,985154
10,155154	-9,020573	5,749841
10,536185	-8,900360	5,746430
10,472680	-8,845718	5,514527
9,964639	-8,889432	5,548630
9,647113	-8,922217	5,303085
10,282165	-8,780148	5,309906
9,647113	-8,867575	5,088234
9,774124	-8,758291	4,859740
10,091649	-8,681792	4,839278
10,472680	-8,528795	4,638068
10,091649	-8,616222	4,627837
10,472680	-8,474153	4,419806
10,345670	-8,452296	4,406165
10,155154	-8,496010	4,194723
9,710618	-8,485081	4,157209
10,091649	-8,343012	3,952589
9,901134	-8,419511	3,925306
9,837629	-8,310227	3,720685
10,282165	-8,146301	3,529706
10,536185	-8,047945	3,499013
10,155154	-7,993303	3,321675
10,536185	-7,905876	3,260289
10,472680	-7,927733	3,093182
10,028144	-7,949590	3,021565
9,583608	-7,982375	2,837406
10,345670	-7,894948	2,793072
9,710618	-7,938661	2,629375
10,218660	-7,829378	2,462268
10,345670	-7,752879	2,383830
10,472680	-7,567096	2,230365
10,218660	-7,567096	2,134875
10,599691	-7,348528	1,977999
10,472680	-7,403170	1,902972
10,218660	-7,468740	1,739275
10,028144	-7,479669	1,633555
10,155154	-7,315743	1,500551
9,837629	-7,392242	1,364138
9,964639	-7,272029	1,244775
10,536185	-7,173674	1,122003
10,599691	-7,064390	1,002641
10,218660	-7,075318	0,866227
10,726701	-6,944177	0,746865
10,536185	-6,823965	0,641145
10,155154	-6,889535	0,542245
9,964639	-6,900464	0,460396
10,345670	-6,703753	0,381958
9,647113	-6,758395	0,317162
10,155154	-6,638182	0,255776
10,345670	-6,474256	0,194390
10,917216	-6,332187	0,153465
10,472680	-6,321259	0,098900
10,790206	-6,102691	0,064797
10,790206	-6,026192	0,034103
10,472680	-5,884123	-0,003410
10,218660	-5,851338	0,006821
10,726701	-5,523486	0,023872
10,282165	-5,315846	0,027283
10,536185	-4,845925	0,085259
11,044227	-4,332291	0,112541
11,298247	-3,774942	0,180748
11,425258	-3,250379	0,197800
11,615773	-2,649317	0,310341
11,425258	-2,212182	0,347855
10,980721	-1,884330	0,474038
10,726701	-1,556478	0,521783
10,917216	-1,272339	0,566117
10,472680	-1,272339	0,692300
10,536185	-1,141199	0,753686
10,536185	-1,086557	0,910562
10,853711	-1,086557	0,954896
10,663196	-1,250483	1,125413
11,361752	-1,261411	1,176569
10,980721	-1,381623	1,350496
10,472680	-1,534621	1,394831
10,345670	-1,611120	1,449396
10,790206	-1,370695	1,633555
10,282165	-1,469050	1,660837
10,726701	-1,250483	1,868868
10,980721	-0,966344	1,902972
11,552268	-0,704063	2,100772
11,107732	-0,605707	2,148517
11,552268	-0,299712	2,377010
11,171237	-0,190428	2,394061
10,790206	-0,059287	2,424754
10,536185	-0,026502	2,666889
11,107732	0,126496	2,687351
10,472680	0,170209	2,919254
10,726701	0,301350	2,949948
11,107732	0,465276	3,192082
11,234742	0,618274	3,192082
11,234742	0,672916	3,471730
11,615773	0,880555	3,471730
11,361752	0,957054	3,475141
11,298247	0,978911	3,737737
10,726701	0,967982	3,747968
11,171237	1,230264	4,003744
10,599691	1,175622	4,003744
10,790206	1,394190	4,293623
11,107732	1,525331	4,273161
11,361752	1,656471	4,586913
11,171237	1,732970	4,569861
11,742783	1,929681	4,805175
11,615773	1,984323	4,822227
11,171237	2,060822	4,822227
10,980721	2,159178	5,118927
11,425258	2,279390	5,081413
10,853711	2,432388	5,401985
11,044227	2,607242	5,367882
11,488763	2,913237	5,681634
11,615773	3,033450	5,637299
11,425258	3,131805	6,022668
11,742783	3,361302	5,923768
11,869794	3,470586	5,865792
11,361752	3,481514	6,217058
11,044227	3,568941	6,159082
11,869794	3,743796	6,506937
10,980721	3,732867	6,459192
11,171237	3,918650	6,813868
11,552268	4,180932	6,732020
11,933299	4,432285	7,124210
11,552268	4,475998	7,025310
12,187319	4,716423	6,957103
12,123814	4,847564	7,325420
11,742783	4,880349	7,257213
11,488763	4,967776	7,625531
11,742783	5,197273	7,523220
11,552268	5,240986	7,922231
11,552268	5,372127	7,826741
11,742783	5,634409	8,215520
11,996804	5,798335	8,116620
11,933299	5,951332	8,184827
12,187319	6,137115	8,406500
12,250824	6,279184	8,324652
11,933299	6,388468	8,733893
11,806288	6,519609	8,617941
12,060309	6,760034	9,027183
11,615773	6,858390	8,914642
12,123814	7,066029	9,344345
12,250824	7,328311	9,207931
12,314330	7,612449	9,429604
12,250824	7,765447	9,521683
12,504845	8,104227	9,385269
12,568350	8,235368	9,828614
12,314330	8,366509	9,695611
11,996804	8,552292	10,125315
12,250824	8,836430	9,999132
11,996804	8,956642	10,483401
12,060309	9,273566	10,302653
12,695361	9,601418	10,653918
12,885876	9,819986	10,626636
12,568350	10,027626	10,476580
12,885876	10,333621	10,936977
13,012886	10,552189	10,786922
12,568350	10,628688	11,267781
12,377835	10,825399	11,083622
12,885876	11,175108	11,595174
12,377835	11,382748	11,411016
12,695361	11,732457	11,874823
13,076391	12,180521	11,707716
13,647938	12,628586	11,550840
13,393917	12,978294	12,024878
13,838453	13,535643	11,844130
13,901958	13,939994	12,369323
13,584433	14,344345	12,171523
13,393917	14,715910	12,713769
13,901958	15,207689	12,505737
13,330412	15,513684	13,109369
13,457422	15,852464	12,812669
13,901958	16,191245	12,860414
14,092474	16,475384	13,157114
14,092474	16,606524	12,938852
14,155979	16,836021	13,481097
14,028969	16,956233	13,269656
13,774948	16,945305	13,811901
13,457422	16,934377	13,576587
13,838453	17,174801	14,176808
13,330412	17,142016	13,907391
13,584433	17,327799	14,067677
13,647938	17,316871	14,245015
14,028969	17,611938	14,016522
13,774948	17,251300	14,579230
14,346495	17,273157	14,354147
13,965464	17,142016	14,933906
13,457422	17,021804	14,664488
13,266907	16,890663	15,288583
13,711443	16,923448	15,008934
13,139897	16,704880	15,298814
13,203402	16,683023	15,349969
13,584433	16,781379	15,101013
13,774948	16,715808	15,691004
13,584433	16,628381	15,411355
13,901958	16,661166	16,035449
13,901958	16,562811	15,752390
13,457422	16,398885	16,373074
13,139897	16,245887	16,086605
13,520928	16,224030	16,523129
12,822371	16,060104	16,417409
13,012886	15,961749	16,298046
13,520928	15,972677	16,785727
13,647938	16,027319	16,495847
13,393917	15,874321	17,130172
13,901958	15,928963	16,830061
13,774948	15,896178	17,491669
13,711443	15,852464	17,171096
13,203402	15,830608	17,747446
13,520928	15,994534	17,525773
13,139897	15,918035	17,508721
13,266907	16,060104	17,866808
13,584433	16,169388	17,566697
13,901958	16,322386	18,218074
13,838453	16,508169	17,914553
13,901958	16,508169	18,613675
13,901958	16,442598	18,255588
13,520928	16,464455	18,958121
13,520928	16,628381	18,623906
13,584433	16,453527	18,753500
13,139897	16,344243	18,975173
13,266907	16,377028	18,647779
13,711443	16,453527	19,343491
13,838453	16,475384	18,981993
13,647938	16,475384	19,722040
13,965464	16,606524	19,353722
13,901958	16,453527	20,161976
13,584433	16,475384	19,687937
13,266907	16,464455	19,964175
13,965464	16,540954	20,052844
13,266907	16,497240	19,701578
13,330412	16,650238	20,441625
14,155979	16,704880	20,056255
13,901958	16,781379	20,826995
13,774948	16,803236	20,438214
14,092474	16,901591	21,222596
13,838453	16,934377	20,779250
13,711443	16,901591	21,195313
13,457422	16,934377	21,164620
13,838453	17,076446	20,973640
13,584433	17,054589	21,539759
13,901958	17,185730	21,144158
13,774948	17,295014	21,908077
14,410000	17,371513	21,492014
13,965464	17,360584	22,317320
14,282989	17,524510	21,867153
14,028969	17,491725	22,388938
13,901958	17,579152	22,245703
13,647938	17,524510	22,208189
14,092474	17,633794	22,627663
13,520928	17,611938	22,218420
13,774948	17,732150	23,026674
13,901958	17,852363	22,573097
14,346495	17,983503	23,412045
14,473505	18,005360	22,951646
14,473505	18,125573	23,599614
14,155979	18,038145	23,337017
13,965464	18,092787	23,439327
13,711443	18,125573	23,718977
13,965464	18,191143	23,265399
13,647938	18,103716	24,111168
13,838453	18,223928	23,650770
13,965464	18,289499	24,513590
14,410000	18,333212	24,039550
14,155979	18,333212	24,820522
14,727525	18,442496	24,401048
14,155979	18,333212	24,656825
14,028969	18,300427	24,813702
13,711443	18,245785	24,441973
14,092474	18,365998	25,212714
13,584433	18,245785	24,742084
13,965464	18,300427	25,618546
14,155979	18,355069	25,113813
13,965464	18,431568	26,034610
14,219484	18,431568	25,509415
14,410000	18,540852	25,857271
14,410000	18,508067	25,908427
14,028969	18,486210	25,690164
13,838453	18,497138	26,293797
14,282989	18,617351	25,806116
13,647938	18,628279	26,720092
13,901958	18,682921	26,184666
14,219484	18,781277	27,241878
14,410000	18,879633	26,604140
14,155979	18,846847	27,078180
14,727525	18,956131	26,986101
14,346495	18,923346	26,921304
14,410000	18,879633	27,395344
14,092474	18,868704	26,856507
14,282989	19,021702	27,818229
13,901958	18,956131	27,265750
13,774948	19,130986	28,227472
14,410000	19,251198	27,657942
14,664020	19,404196	28,282038
14,410000	19,513480	28,056954
14,727525	19,710191	28,118341
14,664020	19,732048	28,473018
14,346495	19,775762	27,927360
14,410000	19,786690	28,909545
14,410000	19,841332	28,340014
13,965464	19,786690	29,339250
14,155979	19,819475	28,721975
14,473505	19,906903	29,482486
14,600515	19,874118	29,141449
14,410000	19,852261	29,329019
14,854536	19,917831	29,574566
14,664020	19,885046	29,178963
14,346495	19,852261	29,980399
14,219484	19,852261	29,390406
14,854536	19,928760	30,427157
14,155979	19,906903	29,803060
14,346495	20,070829	30,662472
14,664020	20,223827	30,215714
14,791031	20,409609	30,529467
14,664020	20,475180	30,635189
15,108556	20,650034	30,396463
14,854536	20,704676	31,075126
14,346495	20,759318	30,447619
14,600515	20,824889	31,511653
14,727525	20,977887	30,867094
14,600515	20,966958	31,849279
14,664020	21,021600	31,293389
14,727525	21,109027	31,743558
14,918041	21,240168	31,709454
14,727525	21,141813	31,583270
15,045051	21,130884	32,145981
14,918041	21,021600	31,508242
14,664020	20,945101	32,592739
14,155979	20,879531	31,934538
14,791031	20,934173	33,059959
14,346495	20,890459	32,350603
14,854536	20,999743	32,950828
14,791031	21,130884	32,797361
15,108556	21,251097	32,800771
14,981546	21,316667	33,237298
15,299072	21,557092	32,592739
14,918041	21,568021	33,684057
15,045051	21,611734	32,998573
14,854536	21,699161	34,185381
14,727525	21,786589	33,435100
14,600515	21,742875	34,130815
14,727525	21,874016	33,875037
15,299072	21,972372	34,018273
15,172062	22,081656	34,301334
15,045051	22,103512	33,885268
15,553093	22,245582	34,768554
15,172062	22,300224	34,055787
15,108556	22,311152	35,259648
14,854536	22,300224	34,519597
15,172062	22,442293	35,341496
14,664020	22,354866	34,945893
14,981546	22,442293	35,228954
15,172062	22,475078	35,392652
15,553093	22,573434	35,109591
15,172062	22,573434	35,870104
15,553093	22,671790	35,143695
15,362577	22,671790	36,320273
15,235567	22,660861	35,573402
15,045051	22,682718	36,531716
15,426082	22,737360	36,009929
14,918041	22,759217	36,432815
15,045051	22,781074	36,483971
15,362577	22,879429	36,316863
15,489587	22,945000	36,944371
15,489587	22,988713	36,211141
15,807113	23,141711	37,415003
15,553093	23,163568	36,647669
15,680103	23,196353	37,738988
15,299072	23,229138	37,097838
15,616598	23,403993	37,626446
15,108556	23,338422	37,558239
15,172062	23,480492	37,534366
15,489587	23,502349	38,004998
15,553093	23,546062	37,397951
15,426082	23,556991	38,485861
15,934123	23,600704	37,687833
15,362577	23,556991	38,901926
15,299072	23,502349	38,151644
15,299072	23,447707	38,813257
15,553093	23,491420	38,629096
14,918041	23,436778	38,745049
15,235567	23,403993	39,099728
15,489587	23,556991	38,622276
15,489587	23,556991	39,587412
15,553093	23,546062	38,768922
15,680103	23,655346	40,085327
15,362577	23,677203	39,225912
15,426082	23,709988	40,017120
15,235567	23,775559	39,679492
15,807113	23,895771	39,921629
15,108556	23,895771	40,167176
15,362577	24,037841	39,822728
15,616598	24,147125	40,641219
15,807113	24,289194	39,815907
15,616598	24,300122	41,159596
15,934123	24,431263	40,276308
15,807113	24,453120	41,207342
15,553093	24,485905	40,757172
15,489587	24,496834	41,115261
15,743608	24,595189	41,234625
15,426082	24,540547	41,036823
15,426082	24,540547	41,712078
15,680103	24,617046	40,873125
15,870618	24,617046	42,247508
15,870618	24,573333	41,347167
16,061134	24,715402	42,370281
15,743608	24,726330	41,821210
15,680103	24,835614	42,308895
15,489587	24,802829	42,302074
15,934123	24,933970	42,247508
15,553093	24,933970	42,803400
15,870618	25,076039	42,141786
15,934123	25,185323	43,321778
15,934123	25,283679	42,407796
15,934123	25,327393	43,567326
16,251649	25,469462	42,888660
16,061134	25,469462	43,516170
15,997629	25,458534	43,372934
15,870618	25,578746	43,441141
15,934123	25,611531	43,881081
15,680103	25,513176	43,362703
15,807113	25,589675	44,385818
16,061134	25,633388	43,461604
16,124639	25,688030	44,750729
16,061134	25,698959	43,932237
16,315154	25,786386	44,699573
16,251649	25,808243	44,440384
15,934123	25,731744	44,631366
15,934123	25,764529	44,955352
16,124639	25,928455	44,580210
15,680103	25,786386	45,460089
15,870618	25,895670	44,512002
16,061134	26,026811	45,937543
16,505670	26,157952	45,006508
16,378660	26,201666	45,886388
16,632680	26,387448	45,518066
16,442165	26,442091	45,842053
16,188144	26,573231	45,998930
16,251649	26,616945	45,773845
16,505670	26,737158	46,534361
15,934123	26,813656	45,681764
16,124639	26,824585	47,114127
16,505670	26,933869	46,070549
16,569175	26,999439	47,059561
16,696185	27,032225	46,575286
16,759690	27,119652	47,032278
16,569175	27,097795	47,076613
16,505670	27,097795	46,981122
16,315154	27,130580	47,618865
16,632680	27,185222	46,916325
16,061134	27,108724	48,161117
16,251649	27,174294	47,134590
16,315154	27,218008	48,253198
16,569175	27,261721	47,618865
16,569175	27,294506	48,219094
17,077216	27,349149	48,147476
16,759690	27,338220	48,161117
16,251649	27,381934	48,679497
16,442165	27,392862	48,123603
16,759690	27,534931	49,218339
16,251649	27,436576	48,188400
16,569175	27,524003	49,443425
16,632680	27,644216	48,696549
16,696185	27,731643	49,392269
16,696185	27,775357	49,214928
17,013711	27,884641	49,364986
17,077216	27,840927	49,743539
16,696185	27,786285	49,337703
16,632680	27,808142	50,299434
16,759690	27,829999	49,228570
16,378660	27,840927	50,602959
16,569175	27,862784	49,746950
16,823196	27,906497	50,575676
16,886701	27,972068	50,275561
16,505670	27,993925	50,565445
17,140721	28,070424	50,804172
16,950206	28,059495	50,531341
17,013711	28,037638	51,366888
16,632680	28,048567	50,476774
16,886701	28,157851	51,772725
16,442165	28,103209	50,810993
16,632680	28,212493	51,765904
16,632680	28,223421	51,315732
16,823196	28,212493	51,748852
16,759690	28,190636	51,875037
17,077216	28,201565	51,711338
16,886701	28,201565	52,427522
16,696185	28,179708	51,687465
16,759690	28,223421	52,942492
16,886701	28,223421	51,844343
16,632680	28,354562	52,942492
16,950206	28,507560	52,383186
17,077216	28,737057	52,932261
17,204227	28,824484	52,945902
17,394742	28,911911	52,918619
17,585258	29,141408	53,477925
17,331237	29,217907	52,891336
17,331237	29,272549	54,115670
17,140721	29,349048	52,891336
17,585258	29,469260	54,102028
17,077216	29,491117	53,440410
17,140721	29,633186	54,091797
17,331237	29,775256	53,969023
17,458247	29,928253	54,088387
17,267732	29,928253	54,531739
17,712268	30,048466	54,057693
17,585258	30,081251	55,121739
17,585258	30,059394	54,016768
17,331237	30,070323	55,261566
17,394742	30,124965	54,480583
17,267732	30,092180	55,278618
17,204227	30,168679	55,026248
17,394742	30,310748	55,264976
17,648763	30,387247	55,592375
17,521752	30,518388	55,251334
17,902783	30,649529	56,178965
17,712268	30,671385	55,251334
17,585258	30,704171	56,434745
17,204227	30,682314	55,507115
17,585258	30,758813	56,438156
17,267732	30,682314	56,076653
17,585258	30,747884	56,434745
17,648763	30,780670	56,646191
17,648763	30,868097	56,448387
17,839278	30,922739	57,219139
18,029794	31,108522	56,448387
17,902783	31,130379	57,597695
17,775773	31,217806	56,564341
17,648763	31,316162	57,590874
17,712268	31,425446	57,120237
17,521752	31,370804	57,607926
17,521752	31,447303	57,682955
18,093299	31,523802	57,631799
17,839278	31,534730	58,279777
17,648763	31,545658	57,607926
17,966288	31,589372	58,733361
17,902783	31,644014	57,590874
17,712268	31,567515	58,743593
17,712268	31,611229	58,153592
18,029794	31,720513	58,787928
17,648763	31,709585	58,726541
17,712268	31,807940	58,794749
17,966288	31,939081	59,326773
18,220309	31,971867	58,804980
17,902783	32,015580	59,882671
18,220309	32,092079	58,808391
18,347319	32,070222	59,923596
18,093299	32,157650	59,190357
17,839278	32,081151	59,950879
18,220309	32,157650	59,783769
17,775773	32,146721	59,964521
18,093299	32,245077	60,370360
18,220309	32,354361	59,998625
18,220309	32,452717	61,045623
18,474330	32,507359	59,998625
18,474330	32,627571	61,086548
18,347319	32,682213	60,233944
18,220309	32,682213	61,117241
18,283814	32,769641	60,840998
18,283814	32,802426	61,151346
17,902783	32,758712	61,410537
18,093299	32,911710	61,185450
18,347319	32,988209	62,041465
18,410825	33,075636	61,192271
18,410825	33,217706	62,256321
18,855361	33,370703	61,294583
18,728350	33,447202	62,280194
18,791856	33,501844	61,864123
18,537835	33,622057	62,324530
18,537835	33,764126	62,464357
18,283814	33,709484	62,358634
18,474330	33,840625	63,091874
18,855361	33,993623	62,389328
18,410825	34,081050	63,395402
18,664845	34,135692	62,327940
18,982371	34,266833	63,456789
18,918866	34,266833	62,900891
18,664845	34,234048	63,504535
18,601340	34,244977	63,524998
18,664845	34,255905	63,528408
18,220309	34,168478	64,145695
18,347319	34,146621	63,589796
18,474330	34,179406	64,554946
18,474330	34,212191	63,582975
18,347319	34,070122	64,602692
18,791856	34,070122	63,941070
18,601340	33,993623	64,640207
18,728350	33,884339	64,554946
18,474330	33,840625	64,698184
18,601340	33,884339	65,151770
18,156804	33,796912	64,745930
18,410825	33,884339	65,697439
18,537835	33,928053	64,773213
18,474330	33,949909	65,748595
18,664845	34,059193	64,984660
18,855361	34,091979	65,806573
18,855361	34,081050	65,584895
18,601340	34,102907	65,871371
18,855361	34,146621	66,205593
18,855361	34,179406	65,908885
18,347319	34,179406	66,839933
18,410825	34,244977	65,963452
18,664845	34,277762	66,887679
18,664845	34,419831	66,007788
18,728350	34,441688	66,962708
18,918866	34,583757	66,611434
18,728350	34,463545	67,037738
18,601340	34,397974	67,266237
18,601340	34,354261	67,095715
18,791856	34,321475	67,975606
18,347319	34,201263	67,150282
18,347319	34,212191	68,057457
18,791856	34,223120	67,191207
18,728350	34,244977	68,135897
18,728350	34,310547	67,668668
19,109381	34,397974	68,187053
19,109381	34,550972	68,292777
18,791856	34,594686	68,265493
18,791856	34,660256	68,930528
18,855361	34,736755	68,330292
18,601340	34,703970	69,210184
18,664845	34,780469	68,391679
18,791856	34,878825	69,305676
19,172886	34,878825	68,722492
18,918866	34,802326	69,373885
19,172886	34,944395	69,346601
19,172886	34,889753	69,455735
18,855361	34,933467	70,001405
18,855361	34,846039	69,510302
18,982371	34,846039	70,369733
18,601340	34,769540	69,592153
18,537835	34,769540	70,434531
18,918866	34,791397	69,742212
18,728350	34,747684	70,526613
19,045876	34,725827	70,366322
18,982371	34,682113	70,605053
19,045876	34,725827	71,031358
18,791856	34,671185	70,680083
18,664845	34,703970	71,505410
18,791856	34,714898	70,772165
18,537835	34,671185	71,597492
18,664845	34,736755	70,755113
19,045876	34,780469	71,682753
18,855361	34,835111	71,409917
18,791856	34,900681	71,761193
19,109381	34,966252	72,071543
18,918866	34,900681	71,863506
18,664845	34,856968	72,641087
18,728350	34,780469	71,935125
18,918866	34,835111	72,739990
18,410825	34,616543	71,999924
18,474330	34,649328	72,835483
18,728350	34,736755	72,450102
19,045876	34,736755	72,924154
18,918866	34,813254	73,098087
19,172886	34,900681	73,033289
19,045876	34,911610	73,786998
18,918866	34,922538	73,108318
18,918866	34,889753	73,889311
18,982371	34,911610	73,210632
18,537835	34,878825	73,991624
18,601340	34,824182	73,497109
18,855361	34,867896	74,110990
18,791856	34,911610	74,141684
18,791856	34,944395	74,199662
19,172886	35,031822	74,861289
19,109381	35,075536	74,295154
19,236392	35,064608	75,024991
18,855361	35,141106	74,394057
18,918866	35,239462	75,140946
18,601340	35,173892	74,506602
18,664845	35,261319	75,263722
18,982371	35,348746	75,178461
18,982371	35,337818	75,352394
19,109381	35,436174	75,860552
19,490412	35,523601	75,468350
19,236392	35,512673	76,167493
18,982371	35,490816	75,577484
19,363402	35,512673	76,300500
19,109381	35,556386	75,642283
18,855361	35,479887	76,389172
18,791856	35,479887	76,205008
18,982371	35,578243	76,508538
18,982371	35,556386	76,883688
19,172886	35,578243	76,634725
19,236392	35,621957	77,316816
19,172886	35,643814	76,733628
19,109381	35,632885	77,436182
19,109381	35,654742	76,846173
19,426907	35,687527	77,541907
19,045876	35,676599	77,231555
18,918866	35,742169	77,678325
19,363402	35,927952	77,913647
19,426907	36,080950	77,794281
19,490412	36,266733	78,449089
19,871443	36,474373	77,910236
19,934948	36,736655	78,561634
19,553917	36,780369	78,026192
19,553917	36,889653	78,694642
19,617423	37,031722	78,237640
19,617423	37,020794	78,824240
19,426907	37,086364	78,943606
19,680928	37,217505	78,947016
19,553917	37,261219	79,581363
19,807938	37,315861	79,086845
19,998454	37,468859	79,710960
19,871443	37,501644	79,195980
19,744433	37,610928	79,843968
19,490412	37,545358	79,271010
19,744433	37,479787	79,980387
19,299897	37,337718	79,983797
19,426907	37,283076	80,116806
19,490412	37,239362	80,699995
19,363402	37,173792	80,246403
19,617423	37,184720	80,839824
19,744433	37,250291	80,358949
19,744433	37,184720	80,986475
19,617423	37,108221	80,495367
19,617423	37,130078	81,116072
19,490412	37,141007	81,003527
19,363402	37,086364	81,272954
19,299897	37,151935	81,729957
19,807938	37,228434	81,409373
19,490412	37,173792	81,989153
19,553917	37,195649	81,542381
19,680928	37,206577	82,118751
19,871443	37,217505	81,682210
19,553917	37,119150	82,272222
19,617423	37,108221	82,009616
19,744433	37,195649	82,415462
19,363402	37,053579	82,742867
19,426907	37,042651	82,548470
19,617423	37,075436	83,104377
19,617423	37,053579	82,708762
19,617423	37,009866	83,254438
19,617423	37,009866	82,862234
19,680928	36,933367	83,424962
19,490412	36,758512	83,053220
19,426907	36,780369	83,561381
19,553917	36,758512	83,766010
19,236392	36,714798	83,718263
19,299897	36,671085	84,229834
19,490412	36,758512	83,881966
19,426907	36,791297	84,403769
19,807938	36,845939	84,011564
19,680928	36,845939	84,550419
19,807938	36,878725	84,147983
19,617423	36,791297	84,700480
19,553917	36,714798	84,792563
19,490412	36,780369	84,884646
19,172886	36,660156	85,358703
19,172886	36,692941	85,031297
19,363402	36,692941	85,536048
19,299897	36,616443	85,191590
19,363402	36,671085	85,686109
19,363402	36,682013	85,351882
19,617423	36,660156	85,863455
19,426907	36,605514	85,791834
19,807938	36,616443	86,027158
19,363402	36,529015	86,494394
19,109381	36,550872	86,180629
19,109381	36,900581	86,658097
19,363402	36,583657	86,357975
19,172886	36,463445	86,825211
19,299897	36,518087	86,511446
19,490412	36,550872	86,999146
19,617423	36,572729	86,818390
19,236392	36,550872	87,173081
19,426907	36,627371	87,623265
19,871443	36,638299	87,350426
19,299897	36,605514	87,776737
19,172886	36,638299	87,520950
19,363402	36,703870	87,960903
19,172886	36,725727	87,684654
19,363402	36,714798	88,145070
19,490412	36,692941	87,851768
19,490412	36,660156	88,315594
19,172886	36,616443	88,598665
19,490412	36,649228	88,492940
19,299897	36,616443	88,902199
19,299897	36,539944	88,670285
19,172886	36,485302	89,096597
19,299897	36,518087	88,851041
19,172886	36,452516	89,267122
19,426907	36,518087	89,031798
19,426907	36,496230	89,461520
19,363402	36,441588	89,601350
19,172886	36,354161	89,649097
19,236392	36,332304	90,037893
19,299897	36,255805	89,826443
19,045876	36,168378	90,218650
19,236392	36,179306	90,024251
19,299897	36,223020	90,406227
19,236392	36,233948	90,194776
19,426907	36,310447	90,600625
19,680928	36,419731	90,627909
19,490412	36,397874	90,781382
19,617423	36,397874	91,149716
19,617423	36,441588	90,975780
19,426907	36,419731	91,337293
19,172886	36,343232	91,190642
19,172886	36,365089	91,552155
19,744433	36,452516	91,361167
19,172886	36,441588	91,729501
19,426907	36,529015	91,640828
19,744433	36,583657	91,920489
19,744433	36,638299	92,268360
19,490412	36,561800	92,138761
19,490412	36,550872	92,469580
19,490412	36,507158	92,319518
19,109381	36,408803	92,663978
19,172886	36,310447	92,527558
19,299897	36,288590	92,851556
19,363402	36,168378	92,650336
19,363402	36,135592	93,073239
19,426907	36,124664	93,376774
19,490412	36,124664	93,298332
19,426907	36,190234	93,601868
19,363402	36,223020	93,489321
19,426907	36,223020	93,799677
18,982371	36,168378	93,704183
18,791856	36,091879	94,004308
19,109381	36,015380	93,901992
18,728350	35,785883	94,222580
18,982371	35,600100	94,495421
18,855361	35,359675	94,413569
18,791856	35,130178	94,703462
18,601340	34,824182	94,635252
18,664845	34,703970	94,908093
18,664845	34,474473	94,850114
18,537835	34,354261	95,126366
18,474330	34,376117	95,054745
18,664845	34,452616	95,351459
18,537835	34,452616	95,474238
18,791856	34,572829	95,562911
19,172886	34,638399	95,801647
18,918866	34,682113	95,784595
18,728350	34,671185	96,033562
18,918866	34,660256	96,002868
18,728350	34,616543	96,262067
18,410825	34,485402	96,224551
18,410825	34,430760	96,463287
18,918866	34,463545	96,456466
18,410825	34,441688	96,695203
18,918866	34,540044	96,910065
19,045876	34,660256	96,927118
19,236392	34,736755	97,155623
18,855361	34,714898	97,152212
18,982371	34,791397	97,390948
18,791856	34,791397	97,404591
18,537835	34,736755	97,616043
18,474330	34,671185	97,616043
18,601340	34,616543	97,851369
18,347319	34,507258	98,045769
18,474330	34,397974	98,083284
18,601340	34,266833	98,291326
18,664845	34,157549	98,318610
18,728350	34,026408	98,502779
18,410825	33,971766	98,557347
18,474330	33,938981	98,748337
18,093299	33,818768	98,768800
18,156804	33,796912	98,973431
18,410825	33,764126	99,150779
18,093299	33,611129	99,201936
18,093299	33,458131	99,362231
17,648763	33,075636	99,382694
16,950206	32,299719	99,522526
15,997629	31,086665	99,532758
15,299072	29,469260	99,676000
14,092474	27,316363	99,713516
12,885876	24,890256	99,829474
12,187319	22,365794	99,921558
11,996804	19,972473	99,884042
11,171237	17,480797	99,972716
11,171237	15,185832	99,935200
10,853711	12,978294	100,006821
10,790206	10,858184	99,907916
10,218660	8,727146	99,952253
9,964639	6,825604	99,849937
10,028144	4,924063	99,866989
9,266082	3,011593	99,754442
9,139072	1,263049	99,761263
9,266082	-0,321569	99,764673
9,139072	-1,873401	99,590737
9,202577	-3,250379	99,607789
9,266082	-4,616429	99,427031
9,266082	-5,818553	99,427031
8,885051	-6,987891	99,225810
9,202577	-7,949590	99,249684
9,202577	-8,856647	98,939326
9,075567	-9,763704	99,024589
8,821546	-10,539620	99,034821
9,012062	-11,075111	98,789263
9,012062	-11,730815	98,796084
9,202577	-12,113309	98,553937
9,202577	-12,583230	98,543705
9,329588	-12,976652	98,274274
9,139072	-13,370074	98,304968
9,075567	-13,665141	98,015074
9,202577	-13,971136	98,038948
8,694536	-14,288059	98,059411
8,948557	-14,561269	97,779748
9,202577	-14,757980	97,789979
8,694536	-15,009333	97,500085
9,012062	-15,184188	97,544422
9,202577	-15,227901	97,227244
9,139072	-15,435541	97,261349
8,948557	-15,665037	96,944170
8,948557	-15,763393	96,981686
9,075567	-15,894533	97,008970
8,631031	-16,080316	96,712255
8,567526	-16,211457	96,739539
9,266082	-16,266099	96,412130
8,694536	-16,440953	96,463287
8,948557	-16,419096	96,122236
9,012062	-16,473738	96,173393
9,139072	-16,462810	95,822110
8,758041	-16,626736	95,903963
9,012062	-16,648593	95,726616
8,948557	-16,725091	95,600427
8,821546	-16,845304	95,672048
8,122990	-16,910874	95,307123
8,821546	-16,899946	95,375333
8,567526	-17,020158	95,020640
8,694536	-16,954588	95,092260
8,885051	-16,998301	94,700052
8,948557	-16,998301	94,798956
8,694536	-16,987373	94,492010
8,821546	-17,020158	94,481779
8,885051	-17,074800	94,573863
8,567526	-17,140370	94,198707
8,694536	-17,173156	94,280559
8,758041	-17,140370	93,888350
8,504021	-17,227798	93,994076
8,885051	-17,184084	93,557531
8,948557	-17,184084	93,683720
8,885051	-17,151299	93,271048
8,758041	-17,238726	93,387006
8,948557	-17,173156	93,492731
8,758041	-17,249654	93,090292
8,504021	-17,348010	93,196017
8,504021	-17,348010	92,752652
8,948557	-17,282440	92,895893
8,504021	-17,358938	92,449117
8,758041	-17,304296	92,575305
9,266082	-17,271511	92,026214
8,885051	-17,271511	92,282002
8,694536	-17,348010	92,288823
8,885051	-17,315225	91,961415
8,821546	-17,282440	92,111477
8,440515	-17,435437	91,640828
8,440515	-17,435437	91,790890
8,694536	-17,369867	91,323651
8,631031	-17,446365	91,487355
8,631031	-17,391723	90,972370
8,821546	-17,315225	91,173589
8,948557	-17,315225	91,057632
8,758041	-17,337082	90,846181
8,948557	-17,337082	91,020117
8,885051	-17,380795	90,522184
8,504021	-17,380795	90,689298
8,504021	-17,457294	90,187955
8,821546	-17,391723	90,392585
8,504021	-17,468222	89,846906
8,948557	-17,435437	90,065177
9,075567	-17,424509	89,809390
8,821546	-17,446365	89,727538
8,821546	-17,490079	89,918526
8,758041	-17,522864	89,406952
8,694536	-17,511936	89,614992
8,567526	-17,632148	89,069313
8,313505	-17,566578	89,290995
