1.501056	32.863069	35.698903
1.469343	32.815100	35.382891
1.490485	32.775126	35.026104
1.522198	32.735152	34.696501
1.522198	32.683186	34.356704
1.532768	32.623225	34.020305
1.532768	32.583251	33.456242
1.532768	32.551271	32.603353
1.596193	32.523290	31.736871
1.596193	32.479318	31.009706
1.585622	32.447339	30.639328
1.585622	32.423354	30.279144
1.543339	32.395373	29.918960
1.617335	32.363393	29.565571
1.627906	32.327417	29.185000
1.638477	32.291440	28.828213
1.617335	32.251466	28.471427
1.617335	32.227481	27.846202
1.659618	32.183510	26.955937
1.659618	32.131544	26.007906
1.670189	32.103562	25.634130
1.638477	32.071582	25.260355
1.649047	32.047598	24.866192
1.680760	32.023614	24.478824
1.691331	31.999629	24.077865
1.701901	31.971647	23.700692
1.691331	31.947663	23.286141
1.691331	31.931673	22.908968
1.723043	31.907689	22.198795
1.712472	31.887702	21.298337
1.680760	31.867715	20.656124
1.670189	31.859720	20.241573
1.691331	31.867715	19.827023
1.701901	31.879707	19.412473
1.670189	31.927676	19.004718
1.627906	32.011621	18.583372
1.564481	32.171518	18.158628
1.437631	32.419357	17.744078
1.501056	32.615230	17.336324
1.543339	32.639214	16.554795
1.638477	32.515295	15.698511
1.701901	32.239474	15.273767
1.765326	31.939668	14.849024
1.871034	31.639862	14.407290
1.902747	31.384028	13.968955
1.913318	31.216137	13.527221
1.987313	31.156176	13.088886
1.892176	31.076228	12.643755
1.966172	30.972295	12.178236
2.008455	30.820394	11.750094
2.029597	30.640510	10.795271
2.050738	30.464624	10.322957
2.114163	30.296733	9.857438
2.167017	30.136837	9.415705
2.167017	29.976941	8.946788
2.188159	29.825039	8.488065
2.219871	29.677135	8.012353
2.230442	29.541223	7.540038
2.272726	29.413306	7.060928
2.315009	29.273397	6.588614
2.315009	29.253410	6.174064
2.293867	29.021560	5.402731
2.336150	28.901638	4.933815
2.357292	28.793708	4.444511
2.367863	28.681781	3.972196
2.367863	28.577848	3.482892
2.367863	28.469918	3.020772
2.399575	28.365986	2.555254
2.452429	28.246063	2.130511
2.463000	28.110152	1.715961
2.484142	27.974240	1.331994
2.505284	27.834330	0.982006
2.515854	27.702416	0.710170
2.547567	27.582494	0.475712
2.568708	27.562507	0.292223
2.558138	27.418600	0.152907
2.547567	27.354642	0.037377
2.547567	27.302675	-0.037377
2.547567	27.266699	-0.040775
2.589850	27.194745	0.020388
2.600421	27.094810	0.115530
2.600421	26.978885	0.275233
2.632133	26.850968	0.404355
2.684987	26.719054	0.655803
2.674417	26.595134	0.951424
2.706129	26.479210	1.287821
2.737842	26.335303	1.678584
2.822408	26.075472	2.086337
2.906975	25.723700	2.541662
2.959829	25.351941	2.986792
2.959829	25.044141	3.479494
2.991541	24.800299	3.982390
3.012683	24.608423	4.458102
3.054966	24.404556	4.614408
3.097249	24.168709	5.110508
3.150103	23.892888	5.626995
3.181816	23.581090	6.150279
3.276953	23.265295	6.673562
3.372091	22.929513	7.196846
3.414374	22.593731	7.747313
3.456657	22.261946	8.297780
3.498940	21.958143	8.848248
3.551795	21.666333	9.442888
3.636361	21.382517	9.622979
3.646932	21.086709	9.894815
3.794923	20.742932	10.435089
3.879490	20.343192	10.971964
3.985198	19.899480	11.532626
4.112048	19.427786	12.120471
4.228327	18.944100	12.681132
4.334035	18.476403	13.258783
4.429172	18.016702	13.863618
4.534881	17.616961	14.468453
4.640589	17.233210	14.893197
4.725155	16.873444	14.961156
4.873147	16.433729	15.290757
5.042280	15.890082	15.871807
5.274838	15.238505	16.456254
5.507396	14.475000	17.033906
5.792808	13.607563	17.621752
6.078220	12.664176	18.233383
6.289637	11.752767	18.838219
6.448199	10.989263	19.460044
6.522195	10.529561	20.112451
6.458770	10.401644	20.234777
6.321349	10.553545	20.319726
6.205070	10.849353	20.734277
6.109933	11.145162	21.335715
6.109933	11.361021	21.960938
6.088791	11.464954	22.565774
6.131075	11.468951	23.190998
6.131075	11.404993	23.819621
6.162787	11.301060	24.472028
6.236783	11.193130	25.141426
6.247354	11.109185	25.477824
6.268495	11.037232	25.603549
6.247354	10.969276	25.722477
6.310778	10.869341	26.191396
6.384774	10.761411	26.823416
6.427058	10.609509	27.469029
6.469341	10.461605	28.121437
6.490482	10.341683	28.773846
6.553907	10.197776	29.429653
6.638474	10.041877	30.109246
6.659616	9.885979	30.673308
6.701899	9.734077	30.833012
6.744182	9.602163	31.002910
6.786465	9.482241	31.138829
6.849890	9.366316	31.689299
6.902744	9.262383	32.362097
6.892174	9.158451	33.031496
6.934457	9.046523	33.697498
6.976740	8.934596	34.380490
6.987311	8.810676	35.077074
7.103590	8.698749	35.858607
7.103590	8.554842	36.045496
7.177586	8.386951	36.235782
7.230440	8.239047	36.409079
7.272723	8.087146	36.507620
7.357290	7.935244	37.187215
7.410144	7.779345	37.866809
7.420715	7.623447	38.549802
7.526423	7.467548	39.259979
7.558135	7.303654	39.990544
7.579277	7.171740	40.710916
7.579277	7.087794	41.196827
7.642702	7.019838	41.424491
7.684985	6.919903	41.641962
7.748410	6.791986	41.839045
7.822406	6.660071	42.002148
7.843548	6.548144	42.712326
7.885831	6.428222	43.432699
7.959827	6.296307	44.159867
8.033822	6.124419	44.887036
8.086677	5.936541	45.644787
8.150101	5.776645	46.344772
8.192385	5.620746	46.586029
8.245239	5.480836	46.817093
8.340376	5.368909	47.058350
8.382660	5.240992	47.296209
8.414372	5.113075	47.530670
8.467226	4.985158	48.254443
8.488368	4.877228	48.988409
8.562364	4.777293	49.749559
8.625789	4.645378	50.514108
8.699784	4.445508	51.302443
8.805492	4.193671	51.669427
8.890059	3.937837	51.958257
9.006338	3.709985	52.219903
9.048621	3.506117	52.491743
9.090905	3.362210	52.749991
9.154330	3.242288	53.062607
9.186042	3.138355	53.830555
9.281180	3.046415	54.612096
9.312892	2.914500	55.373249
9.386888	2.746609	56.192168
9.397459	2.562729	56.803810
9.503167	2.414824	57.099436
9.556021	2.266920	57.388267
9.598304	2.146998	57.680496
9.630017	2.019081	57.976123
9.714583	1.875174	58.258158
9.788579	1.743260	58.621745
9.873146	1.607348	59.406686
9.926000	1.455446	60.215414
10.010566	1.279560	61.034336
10.052850	1.107672	61.856656
10.147987	0.959768	62.172672
10.211412	0.795874	62.492086
10.243125	0.651967	62.821694
10.306549	0.544037	63.134312
10.359404	0.444102	63.446930
10.401687	0.344167	63.759548
10.454541	0.248229	64.204689
10.517966	0.116314	65.016817
10.570820	-0.039585	65.862926
10.602533	-0.167502	66.732822
10.676528	-0.271435	67.249323
10.750524	-0.359378	67.602718
10.739953	-0.423336	67.939123
10.718812	-0.475303	68.285723
10.750524	-0.483297	68.628924
10.771666	-0.475303	68.975524
10.750524	-0.475303	69.305134
10.739953	-0.503284	69.811441
10.771666	-0.519274	70.674543
10.771666	-0.531266	71.541044
10.792807	-0.511279	72.271623
10.782237	-0.503284	72.631816
10.782237	-0.511279	72.992009
10.771666	-0.531266	73.358998
10.792807	-0.555251	73.725987
10.803378	-0.563246	74.092977
10.803378	-0.567243	74.466762
10.792807	-0.595225	74.830354
10.824520	-0.635199	75.411420
10.866803	-0.703155	76.298313
10.940799	-0.823077	77.256565
11.025366	-0.994966	77.640545
11.099361	-1.170852	78.044914
11.131074	-1.314759	78.435691
11.173357	-1.414694	78.826469
11.183928	-1.462663	79.217246
11.226211	-1.518627	79.628412
11.247353	-1.562598	80.025985
11.300207	-1.626557	80.426957
11.353061	-1.738484	81.082784
11.416486	-1.898381	82.020652
11.501053	-2.106246	82.662888
11.564478	-2.282132	83.067258
11.680757	-2.517979	83.481824
11.839319	-2.781808	83.903185
11.955598	-3.045638	84.327945
12.050736	-3.257500	84.739113
12.103590	-3.393412	85.167271
12.093019	-3.437384	85.598827
12.093019	-3.437384	86.016791
12.082448	-3.425392	86.747380
12.029594	-3.405405	87.600300
12.061307	-3.397410	88.031857
12.050736	-3.377423	88.463415
11.997882	-3.341446	88.905167
12.019023	-3.293477	89.343521
12.008452	-3.281485	89.792069
12.008452	-3.289480	90.264405
11.997882	-3.277487	90.712954
11.966169	-3.245508	91.168299
11.976740	-3.209531	91.616848
11.976740	-3.169557	92.537734
11.955598	-3.149570	92.982886
11.923886	-3.133581	93.451825
11.892173	-3.113594	93.910569
11.892173	-3.057630	94.386305
11.839319	-2.993671	94.845050
11.786465	-2.925715	95.330980
11.754753	-2.845767	95.803318
11.670186	-2.757824	96.299443
11.585619	-2.605922	96.754791
11.289636	-2.190192	97.189750
10.687099	-1.246803	97.801412
9.809721	0.344167	98.188798
8.710355	2.550736	98.532009
7.642702	5.193023	98.878618
6.511624	8.063161	99.160662
5.486254	10.969276	99.381540
4.693443	13.827421	99.619409
4.069765	16.341789	99.782520
3.668074	18.480401	99.877667
3.340378	20.251251	99.938834
3.033824	21.802245	100.057768
2.801266	23.213329	100.013593
2.568708	24.500493	99.911649
2.452429	25.691721	99.758733
2.325580	26.775018	99.554845
2.124734	27.810346	99.293189
1.966172	28.797706	98.977163
1.807610	29.749088	98.613564
1.649047	30.652503	98.215983
1.532768	31.479966	97.787820
1.416489	32.195502	97.308685
1.300210	32.795113	97.250916
1.205073	33.270805	96.781976
1.141648	33.654556	96.309637
1.141648	33.954362	95.799920
1.067652	34.190209	95.290203
1.046511	34.358100	94.760097
0.993657	34.494012	94.229992
1.014798	34.609937	93.669304
0.983086	34.685888	93.129005
0.909090	34.753844	92.558123
0.919661	34.809808	92.170739
0.919661	34.857777	92.116369
0.940803	34.889756	91.562479
0.930232	34.913740	91.011986
0.919661	34.909743	90.458096
0.909090	34.905745	89.890614
0.909090	34.893753	89.312938
0.951373	34.885758	88.735262
0.940803	34.881761	88.154188
0.919661	34.881761	87.559523
0.919661	34.885758	86.924080
0.919661	34.889756	86.845924
0.940803	34.905745	86.737185
0.961944	34.909743	86.159511
0.919661	34.913740	85.585235
0.940803	34.905745	84.993969
0.930232	34.889756	84.399305
0.940803	34.873766	83.797845
0.951373	34.865771	83.182793
0.919661	34.861774	82.547353
0.940803	34.861774	81.918710
0.909090	34.873766	81.602689
0.930232	34.897751	81.493951
0.940803	34.905745	81.300261
0.919661	34.897751	80.698803
0.940803	34.889756	80.083752
0.940803	34.877764	79.455110
0.961944	34.861774	78.829867
0.961944	34.829795	78.187633
0.972515	34.813805	77.552196
0.972515	34.773831	76.899769
0.972515	34.737854	76.345885
1.014798	34.701878	76.199769
1.035940	34.673896	76.070643
1.004228	34.653909	75.836177
1.025369	34.637919	75.204139
1.025369	34.617932	74.565306
1.046511	34.597945	73.919676
1.035940	34.585953	73.274047
1.014798	34.569963	72.608030
1.035940	34.549976	71.935217
1.014798	34.541981	71.163861
1.067652	34.533986	71.010949
1.067652	34.510002	70.851241
1.035940	34.506004	70.694931
1.057082	34.510002	70.382312
1.025369	34.513999	69.716296
1.067652	34.513999	69.046883
1.067652	34.506004	68.380868
1.046511	34.490015	67.694465
1.078223	34.478023	66.994470
1.057082	34.450041	66.287680
1.078223	34.426056	65.828946
1.099365	34.398074	65.621666
1.099365	34.366095	65.427979
1.120506	34.314129	65.254679
1.099365	34.266160	64.867304
1.131077	34.218191	64.180903
1.152219	34.170222	63.484308
1.131077	34.142240	62.784316
1.131077	34.114258	62.070731
1.141648	34.094271	61.336759
1.141648	34.074284	60.657156
1.173361	34.070287	60.439683
1.152219	34.042305	60.232404
1.173361	34.010326	60.008135
1.162790	33.998333	59.804254
1.173361	33.974349	59.355716
1.215644	33.938372	58.648929
1.215644	33.922383	57.931949
1.205073	33.902396	57.180989
1.215644	33.886406	56.447019
1.247356	33.870416	55.662079
1.268498	33.850429	55.308687
1.226215	33.834440	55.043642
1.236785	33.826445	54.809180
1.226215	33.814453	54.567922
1.257927	33.794466	54.336858
1.257927	33.770481	53.806769
1.236785	33.754492	53.062607
1.257927	33.742499	52.308251
1.236785	33.730507	51.543701
1.257927	33.722512	50.755366
1.300210	33.706523	50.160717
1.279069	33.698528	49.892275
1.268498	33.686536	49.634028
1.268498	33.666549	49.362188
1.300210	33.646561	49.093747
1.300210	33.626574	48.845693
1.300210	33.606587	48.257841
1.310781	33.578606	47.493293
1.279069	33.558618	46.704959
1.331923	33.534634	45.909830
1.321352	33.510650	45.104507
1.321352	33.482668	44.825872
1.321352	33.458683	44.526849
1.342494	33.418709	44.231225
1.384777	33.390727	43.945794
1.384777	33.342758	43.643374
1.374206	33.310779	43.371535
1.395348	33.270805	42.715724
1.363635	33.230831	41.920597
1.405919	33.194854	41.105081
1.416489	33.158878	40.269179
1.405919	33.122901	39.752686
1.437631	33.086924	39.436674
1.427060	33.058942	39.120662
1.448202	33.030961	38.780865
1.458773	32.998981	38.454659
1.437631	32.974997	38.152239
1.469343	32.951012	37.931371
1.448202	32.911038	37.105663
1.490485	32.883056	36.269762
1.532768	32.847080	35.427065
1.490485	32.811103	34.699899
1.532768	32.767132	34.366898
1.522198	32.711168	34.020305
1.532768	32.671194	33.673712
1.575052	32.619227	33.330518
1.553910	32.579253	32.994119
1.596193	32.531284	32.644128
1.575052	32.475321	32.355301
1.585622	32.443341	31.516003
1.606764	32.411362	30.659716
1.585622	32.391375	29.728674
1.617335	32.371388	29.358296
1.627906	32.339409	28.994714
1.627906	32.303432	28.617540
1.617335	32.267455	28.236968
1.617335	32.219487	27.873386
1.627906	32.183510	27.489416
1.638477	32.143536	27.115641
1.659618	32.119551	26.741865
1.691331	32.079577	25.871987
1.659618	32.051595	24.961334
1.680760	32.019616	24.329314
1.659618	31.999629	23.941947
1.712472	31.975645	23.547784
1.691331	31.955658	23.143427
1.701901	31.923678	22.752662
1.691331	31.903691	22.358499
1.701901	31.887702	21.957540
1.701901	31.879707	21.556582
1.723043	31.867715	21.131837
1.691331	31.871712	20.224583
1.712472	31.875709	19.381891
1.701901	31.903691	18.967341
1.680760	31.975645	18.552790
1.596193	32.099564	18.145036
1.501056	32.307430	17.730486
1.479914	32.575256	17.302344
1.501056	32.659202	16.860610
1.596193	32.615230	16.442662
1.680760	32.411362	16.011123
1.775897	32.103562	15.498032
1.807610	31.803756	14.522821
1.860464	31.515943	13.996138
1.871034	31.304080	13.554405
1.871034	31.188155	13.122866
1.828751	31.140186	12.670938
1.923889	31.044249	12.225807
1.945030	30.912334	11.777278
2.008455	30.740446	11.315157
2.050738	30.544573	10.853036
2.061309	30.364689	10.407905
2.103592	30.216785	9.823458
2.145876	30.052891	9.072512
2.177588	29.892995	8.610391
2.188159	29.745091	8.151669
2.209301	29.597187	7.689548
2.251584	29.449283	7.230825
2.262155	29.309374	6.741521
2.315009	29.185454	6.265809
2.315009	29.061534	5.769709
2.315009	28.945610	5.283803
2.336150	28.837680	4.780907
2.367863	28.721755	4.145491
2.346721	28.609827	3.662983
2.389005	28.505895	3.200863
2.399575	28.401962	2.735345
2.441859	28.294032	2.300408
2.463000	28.150126	1.899450
2.494713	28.030203	1.518881
2.526425	27.882299	1.141709
2.526425	27.738393	0.835894
2.558138	27.614473	0.577650
2.568708	27.506543	0.377172
2.568708	27.422598	0.220866
2.547567	27.350644	0.088347
2.558138	27.302675	-0.020388
2.568708	27.266699	-0.047571
2.600421	27.214732	-0.044173
2.610992	27.134784	0.040775
2.632133	27.022857	0.159703
2.600421	26.902935	0.360182
2.674417	26.783012	0.601436
2.663846	26.659093	0.903853
2.716700	26.535173	1.196076
2.706129	26.399261	1.440728
2.790696	26.195394	1.841685
2.843550	25.887593	2.256235
2.938687	25.519832	2.708161
2.949258	25.184050	3.166883
2.980970	24.920221	3.645994
2.980970	24.700364	4.128502
3.044395	24.484504	4.644989
3.076108	24.272641	5.161477
3.160674	24.028800	5.694954
3.181816	23.740986	5.766311
3.234670	23.437184	6.272605
3.319237	23.117391	6.792490
3.372091	22.789604	7.336162
3.414374	22.461817	7.862843
3.509511	22.122037	8.409913
3.551795	21.818234	8.970574
3.583507	21.526424	9.531235
3.625790	21.238610	10.098692
3.752640	20.926813	10.669547
3.837207	20.559051	11.087495
3.900632	20.123334	11.094291
4.038052	19.671627	11.641360
4.143760	19.207928	12.195226
4.281181	18.724242	12.766081
4.397460	18.248551	13.336936
4.460885	17.800842	13.907792
4.556022	17.413093	14.485443
4.651160	17.057324	15.080084
4.746297	16.665579	15.698511
4.926001	16.173898	16.330530
5.042280	15.558297	16.408683
5.369975	14.858751	16.463050
5.634246	14.051275	17.061090
5.919658	13.135870	17.642139
6.173358	12.184487	18.240179
6.374203	11.333040	18.841616
6.374203	10.717439	19.456646
6.458770	10.433623	20.075074
6.353062	10.469600	20.690103
6.236783	10.713442	21.349306
6.078220	11.017245	21.685704
6.078220	11.273079	21.797836
6.025366	11.448964	21.926959
6.099362	11.512923	22.521601
6.120504	11.484941	23.136631
6.152216	11.385006	23.761855
6.205070	11.257089	24.380284
6.205070	11.141164	25.008906
6.257924	11.041229	25.674906
6.247354	10.977270	26.327314
6.257924	10.909315	26.891375
6.331920	10.813377	27.030692
6.384774	10.669470	27.183600
6.416487	10.513571	27.377284
6.458770	10.357673	28.016100
6.501053	10.225758	28.637928
6.564478	10.097841	29.303928
6.596191	9.957932	29.966531
6.659616	9.826018	30.635930
6.701899	9.682111	31.305329
6.733611	9.518217	32.086862
6.723041	9.362318	32.266954
6.839320	9.242396	32.430056
6.807607	9.166445	32.579567
6.892174	9.094492	32.841210
6.881603	9.006549	33.514008
6.923886	8.898619	34.176612
6.976740	8.778697	34.846012
7.093019	8.646783	35.549392
7.082448	8.486886	36.242578
7.177586	8.307003	36.949356
7.198727	8.139112	37.418277
7.315007	7.975218	37.611961
7.304436	7.835309	37.805646
7.367861	7.687405	38.002728
7.473569	7.527509	38.325536
7.526423	7.379605	39.018723
7.558135	7.255685	39.735696
7.600419	7.151753	40.449271
7.621560	7.059812	41.162847
7.653273	6.975867	41.896811
7.727269	6.859942	42.583203
7.737839	6.736022	42.810868
7.801264	6.604108	43.038533
7.832977	6.468196	43.242412
7.896402	6.332284	43.459882
7.959827	6.180383	43.860844
8.033822	6.020486	44.577819
8.076106	5.864587	45.294794
8.181814	5.708689	46.021963
8.150101	5.568779	46.772919
8.276951	5.444860	47.557854
8.298093	5.316943	47.924837
8.393230	5.193023	48.176289
8.361518	5.057111	48.424342
8.446085	4.925197	48.665600
8.446085	4.805274	48.896663
8.562364	4.701342	49.368984
8.594076	4.565430	50.126737
8.720926	4.341575	50.874296
8.784351	4.085741	51.652437
8.953484	3.817915	52.437375
8.974626	3.602055	53.042219
9.080334	3.446156	53.331049
9.080334	3.318239	53.602889
9.154330	3.198316	53.878127
9.196613	3.050412	54.149967
9.302321	2.906506	54.411614
9.302321	2.774591	54.955294
9.386888	2.622690	55.730039
9.460884	2.506765	56.501387
9.524309	2.374850	57.306715
9.577163	2.210957	58.122237
9.630017	2.063052	58.438253
9.672300	1.943130	58.730482
9.767437	1.839198	59.015915
9.809721	1.715278	59.314940
9.883717	1.567374	59.624159
9.989425	1.391488	59.909592
10.031708	1.195615	60.514439
10.105704	1.023726	61.333361
10.116275	0.863830	62.162478
10.243125	0.727918	62.984799
10.274837	0.623985	63.501298
10.317120	0.520053	63.827509
10.264266	0.424115	64.160515
10.422829	0.312187	64.479929
10.433399	0.168280	64.816334
10.570820	0.044361	65.142544
10.528537	-0.075562	65.451765
10.623674	-0.191486	66.131371
10.655387	-0.307411	66.967286
10.750524	-0.391357	67.823590
10.697670	-0.455315	68.550770
10.761095	-0.511279	68.890573
10.687099	-0.523271	69.237173
10.750524	-0.519274	69.590569
10.676528	-0.511279	69.940567
10.761095	-0.503284	70.290565
10.739953	-0.511279	70.633767
10.729382	-0.515277	70.953183
10.697670	-0.527269	71.748324
10.739953	-0.535264	72.604632
10.729382	-0.551253	73.559483
10.782237	-0.571240	73.912880
10.750524	-0.567243	74.300258
10.782237	-0.575238	74.663849
10.782237	-0.575238	75.051227
10.845662	-0.615212	75.421615
10.824520	-0.687165	75.815789
10.877374	-0.779106	76.196371
10.972511	-0.907023	76.512390
11.035936	-1.074914	77.399283
11.141645	-1.226816	78.313361
11.141645	-1.350735	78.955595
11.173357	-1.454668	79.346372
11.141645	-1.510632	79.743946
11.257924	-1.562598	80.138122
11.247353	-1.634551	80.545890
11.331920	-1.738484	80.946862
11.342490	-1.878394	81.354630
11.564478	-2.014306	81.755602
11.511624	-2.174202	82.139584
11.670186	-2.362080	83.060462
11.701898	-2.625909	83.909981
11.902744	-2.885741	84.324547
11.987311	-3.129583	84.752705
12.082448	-3.293477	85.174067
12.050736	-3.389415	85.595429
12.061307	-3.445379	86.023588
12.029594	-3.457371	86.461940
12.093019	-3.433387	86.910488
12.040165	-3.405405	87.335249
12.071877	-3.369428	87.783796
11.955598	-3.325456	88.755650
11.997882	-3.301472	89.302744
11.997882	-3.277487	89.737700
12.061307	-3.281485	90.186248
11.997882	-3.305469	90.651788
12.019023	-3.289480	91.113929
11.913315	-3.273490	91.559081
11.955598	-3.233516	92.017824
11.923886	-3.189544	92.483365
11.976740	-3.153568	92.959099
11.892173	-3.105599	93.492602
11.860461	-3.057630	94.253779
11.828748	-3.009661	94.712524
11.849890	-2.961692	95.184861
11.818178	-2.901731	95.660597
11.701898	-2.817785	96.129537
11.638473	-2.677876	96.605274
11.458769	-2.406052	97.070816
11.025366	-1.770463	97.512572
10.221983	-0.547256	97.893161
9.270609	1.351514	98.280548
8.107818	3.797928	98.749489
6.976740	6.584121	99.065515
5.909087	9.518217	99.316976
5.084563	12.460308	99.524262
4.291752	15.174546	99.755335
3.837207	17.509031	99.860677
3.446086	19.431783	99.945630
3.160674	21.070719	99.966019
2.938687	22.565749	99.942232
2.695558	23.896885	99.840288
2.420717	25.128086	99.697566
2.378434	26.255355	99.700965
2.124734	27.306673	99.490281
2.061309	28.322014	99.208236
1.818180	29.277394	98.871821
1.733614	30.212788	98.491231
1.543339	31.068233	98.093651
1.437631	31.835735	97.645099
1.310781	32.491310	97.182954
1.226215	33.006976	96.697023
1.131077	33.430701	96.197500
1.131077	33.754492	95.833901
1.067652	34.022318	95.650403
1.004228	34.234181	95.137288
1.025369	34.406069	94.617376
0.930232	34.541981	94.087271
1.004228	34.629924	93.553768
0.898519	34.693883	93.020265
0.961944	34.753844	92.456180
0.866807	34.793818	91.898891
0.919661	34.817802	91.324612
0.856236	34.857777	90.716352
0.845665	34.905745	90.655186
0.887949	34.925732	90.376542
0.887949	34.925732	89.822652
0.803382	34.929730	89.268763
0.961944	34.925732	88.701281
0.877378	34.921735	88.123605
0.951373	34.917738	87.528940
0.856236	34.901748	86.937673
0.930232	34.909743	86.336211
0.898519	34.909743	85.704168
0.930232	34.901748	85.377952
0.856236	34.869769	85.316786
0.940803	34.853779	84.963386
0.887949	34.837789	84.365324
0.961944	34.821800	83.763864
0.898519	34.817802	83.169201
0.961944	34.817802	82.554149
0.856236	34.833792	81.935700
0.919661	34.857777	81.307057
0.877378	34.881761	80.678414
0.951373	34.885758	80.134723
0.887949	34.869769	80.008995
0.909090	34.857777	79.907053
0.887949	34.837789	79.489091
0.961944	34.817802	78.880838
0.919661	34.789821	78.265788
0.993657	34.761839	77.640545
0.919661	34.709872	77.001710
0.983086	34.665901	76.362876
0.972515	34.633922	75.713847
0.972515	34.621929	74.935693
1.035940	34.605940	74.789577
0.993657	34.589950	74.653655
0.909090	34.573960	74.544917
1.057082	34.553973	74.031812
1.025369	34.533986	73.392979
1.004228	34.521994	72.740554
1.025369	34.513999	72.094925
0.993657	34.506004	71.418714
1.046511	34.494012	70.756096
1.057082	34.486017	70.052702
1.057082	34.486017	69.607559
0.972515	34.486017	69.417269
1.014798	34.490015	69.237173
1.014798	34.478023	69.104649
1.046511	34.466030	68.533779
1.014798	34.446043	67.860969
1.057082	34.430054	67.174566
1.014798	34.398074	66.491562
1.078223	34.366095	65.801762
1.088794	34.354103	65.091574
1.109936	34.318126	64.411969
1.046511	34.278152	64.218281
1.099365	34.246173	64.024594
1.099365	34.206199	63.837703
1.152219	34.174219	63.722170
1.194502	34.138243	63.028973
1.120506	34.110261	62.335777
1.109936	34.078282	61.628989
1.183931	34.050300	60.908609
1.131077	34.022318	60.188230
1.205073	33.998333	59.437268
1.131077	33.974349	59.080477
1.141648	33.958359	58.852810
1.205073	33.926380	58.611551
1.173361	33.898398	58.404272
1.215644	33.866419	58.213984
1.162790	33.854427	57.486810
1.215644	33.842435	56.752840
1.194502	33.846432	56.012074
1.247356	33.834440	55.267911
1.215644	33.818450	54.496564
1.247356	33.814453	53.912107
1.173361	33.810455	53.657257
1.236785	33.790468	53.415999
1.215644	33.774479	53.171343
1.279069	33.754492	52.919891
1.194502	33.742499	52.668439
1.257927	33.726510	51.927675
1.257927	33.714517	51.183514
1.257927	33.702525	50.422362
1.226215	33.682538	49.640824
1.205073	33.674543	48.838897
1.226215	33.666549	48.570456
1.310781	33.646561	48.305412
1.257927	33.610585	48.023379
1.279069	33.586600	47.751540
1.268498	33.562616	47.469507
1.300210	33.538631	47.150096
1.289640	33.518644	46.378752
1.342494	33.494660	45.597215
1.300210	33.466678	44.798688
1.342494	33.430701	43.983172
1.300210	33.390727	43.483668
1.342494	33.350753	43.177850
1.310781	33.318774	42.868633
1.363635	33.294789	42.569611
1.321352	33.242823	42.277385
1.331923	33.186859	41.974964
1.384777	33.150883	41.580799
1.384777	33.106911	40.778875
1.395348	33.078929	39.966759
1.342494	33.058942	39.134254
1.384777	33.026963	38.413883
1.469343	33.010973	38.091076
1.469343	32.970999	37.775064
1.448202	32.947015	37.445461
1.448202	32.919033	37.115857
1.395348	32.887054	36.796448
1.469343	32.851077	36.480436
1.448202	32.779124	36.021710
1.522198	32.759137	35.182411
1.490485	32.719163	34.346510
1.522198	32.683186	33.422263
1.532768	32.639214	33.082466
1.532768	32.599240	32.712087
1.553910	32.559266	32.365495
1.575052	32.527287	32.012106
1.543339	32.483316	31.648524
1.617335	32.431349	31.284942
1.606764	32.391375	30.934951
1.617335	32.355398	30.404869
1.575052	32.331414	29.548582
1.606764	32.303432	28.654917
1.606764	32.271453	28.026294
1.596193	32.235476	27.652519
1.617335	32.211492	27.285539
1.649047	32.183510	26.901569
1.596193	32.151531	26.514202
1.617335	32.107559	26.143824
1.617335	32.075580	25.776844
1.670189	32.043601	25.392875
1.638477	32.019616	24.788038
1.638477	31.995632	23.894376
1.659618	31.975645	23.058478
1.659618	31.951660	22.657519
1.733614	31.935671	22.259958
1.649047	31.919681	21.865796
1.680760	31.899694	21.468235
1.649047	31.883704	21.060480
1.670189	31.871712	20.652726
1.701901	31.875709	20.234777
1.701901	31.903691	19.840615
1.596193	31.951660	19.150830
1.638477	32.035606	18.216393
1.532768	32.195502	17.676119
1.469343	32.443341	17.275160
1.469343	32.635217	16.850417
1.532768	32.635217	16.405285
1.617335	32.499305	15.977143
1.712472	32.223484	15.542206
1.775897	31.927676	15.114064
1.849893	31.615878	14.672330
1.881605	31.360044	14.244189
1.902747	31.196150	13.483048
1.892176	31.140186	12.738897
1.923889	31.060238	12.303960
1.913318	30.960303	11.855431
1.997884	30.800407	11.406902
2.029597	30.624521	10.958373
2.093022	30.452632	10.499650
2.093022	30.276746	10.020539
2.145876	30.124845	9.568612
2.135305	29.956954	9.109890
2.209301	29.793060	8.647769
2.167017	29.633164	7.825466
2.198730	29.485260	7.366743
2.198730	29.357343	6.894429
2.283296	29.249413	6.422114
2.272726	29.129490	5.936208
2.304438	29.001573	5.446904
2.293867	28.885648	4.967794
2.315009	28.765726	4.488684
2.357292	28.657796	3.982390
2.367863	28.545869	3.503280
2.410146	28.437939	3.030966
2.399575	28.322014	2.507682
2.410146	28.194097	2.082939
2.441859	28.066180	1.671788
2.494713	27.922273	1.318402
2.473571	27.790359	0.975210
2.547567	27.658445	0.693180
2.536996	27.554512	0.468916
2.515854	27.462572	0.288825
2.589850	27.394616	0.142714
2.536996	27.338652	0.030581
2.568708	27.290683	-0.044173
2.547567	27.234719	-0.040775
2.579279	27.174758	0.006796
2.642704	27.070826	0.101938
2.632133	26.926919	0.254846
2.621563	26.806997	0.462120
2.621563	26.683077	0.723762
2.695558	26.587140	1.039771
2.706129	26.479210	1.389759
2.758983	26.331306	1.804308
2.822408	26.079469	2.235847
2.864691	25.727697	2.419336
2.906975	25.331954	2.861069
3.002112	25.032149	3.329985
3.033824	24.792304	3.798901
3.033824	24.592434	4.305195
3.002112	24.376574	4.794499
3.076108	24.148722	5.314384
3.150103	23.876898	5.830872
3.202958	23.573095	6.374543
3.266382	23.249305	6.908021
3.308666	22.913523	7.312376
3.372091	22.589733	7.478875
3.435516	22.261946	8.019149
3.488370	21.962141	8.549228
3.541224	21.666333	9.086104
3.562365	21.386514	9.646765
3.699786	21.086709	10.200630
3.742069	20.730940	10.757894
3.890061	20.315210	11.315157
4.016911	19.887487	11.909798
4.080335	19.431783	12.531622
4.196614	18.964087	12.599581
4.323464	18.480401	12.823846
4.418602	17.996715	13.391303
4.513739	17.572990	13.975751
4.556022	17.193236	14.543208
4.693443	16.829472	15.127656
4.883718	16.385760	15.729093
5.031709	15.826123	16.337326
5.243126	15.166552	16.945559
5.475684	14.415039	17.550395
5.761096	13.555597	17.886792
6.109933	12.612209	17.975139
6.268495	11.700801	18.284352
6.427058	10.961281	18.865402
6.501053	10.509574	19.449850
6.353062	10.405641	20.058084
6.268495	10.557543	20.676511
6.173358	10.853351	21.281347
6.109933	11.145162	21.896377
6.078220	11.361021	22.538591
6.088791	11.480944	23.082264
6.099362	11.504928	23.201192
6.120504	11.440970	23.323519
6.141645	11.333040	23.704090
6.152216	11.225110	24.315722
6.183929	11.129172	24.951140
6.226212	11.049224	25.586559
6.257924	10.977270	26.238967
6.257924	10.873338	26.898171
6.268495	10.745421	27.550580
6.416487	10.581527	28.315121
6.405916	10.437621	28.464631
6.448199	10.309704	28.614142
6.458770	10.181787	28.750060
6.511624	10.057867	29.185000
6.585620	9.893973	29.827215
6.670186	9.754064	30.479624
6.670186	9.598165	31.142227
6.733611	9.454259	31.818422
6.754753	9.314350	32.508209
6.828749	9.210417	33.201395
6.839320	9.122474	33.656723
6.923886	9.046523	33.840213
6.966169	8.946588	34.006713
6.976740	8.830663	34.159622
7.008453	8.686757	34.682909
